100
21 50 40 38 4 31 15 45 14 43 40 49 12 34 4 44 12 21 49 31 10 21 43 5 32 22 9 36 43 38 10 7 27 29 47 46 36 21 14 30 30 17 23 5 50 37 18 3 19 17 6 39 22 46 12 40 39 20 45 44 28 44 15 37 47 33 26 10 45 22 17 31 50 4 18 7 24 42 19 41 48 22 50 12 2 10 48 31 6 37 31 28 18 9 25 11 12 34 34 44
13 9 1 18 35 43 14 21 5 25 29 26 1 11 23 2 25 31 5 10 39 47 6 35 39 19 25 14 41 9 47 9 2 34 40 11 25 23 46 45 9 45 3 49 49 21 36 45 19 11 5 7 7 3 13 45 41 4 11 1 45 42 48 44 6 33 42 9 46 20 6 28 44 2 25 41 36 27 41 18 3 13 36 35 23 39 7 32 27 23 38 14 12 15 40 4 2 47 45 25
23 3 38 35 37 18 18 41 22 44 4 9 42 31 11 43 31 21 47 23 41 30 5 43 29 22 24 2 38 31 6 47 24 2 33 37 7 21 36 35 41 25 12 35 28 39 10 48 9 9 42 26 35 37 20 22 31 30 43 31 8 24 1 33 7 45 7 48 28 16 25 43 24 27 50 21 7 25 42 14 21 46 31 28 36 1 14 19 15 9 20 47 12 38 36 27 20 46 31 28
12 26 41 20 31 21 5 23 30 45 49 22 27 48 16 40 32 2 17 23 7 36 9 1 31 19 8 5 44 36 18 40 30 48 17 29 8 10 46 1 22 31 9 36 33 6 9 38 6 40 17 27 31 3 24 42 29 19 15 8 7 10 16 8 2 28 49 9 27 30 21 22 21 14 29 22 17 12 28 49 50 28 3 11 31 5 50 1 12 42 3 3 34 17 36 24 12 15 43 2
20 22 3 49 21 23 32 33 16 35 7 4 16 35 23 32 49 5 17 25 23 48 25 4 44 4 44 17 21 13 35 32 19 46 23 34 5 42 12 49 41 43 46 2 14 36 35 23 43 9 26 31 29 33 7 44 8 36 48 12 5 6 9 50 44 19 4 20 4 30 12 24 37 12 30 49 27 17 34 9 15 27 39 30 27 32 46 45 10 31 32 37 10 14 5 30 26 21 48 25
7 41 41 5 47 30 41 12 40 35 38 6 11 33 12 2 41 17 21 13 47 10 31 23 32 8 4 22 8 22 45 5 32 14 1 34 34 9 3 29 9 32 26 45 28 25 46 42 7 31 30 19 15 9 27 6 4 6 38 36 27 15 41 40 18 14 43 40 25 5 16 43 15 1 6 16 49 4 25 24 42 17 49 42 4 13 16 2 28 38 11 5 8 26 28 17 47 8 18 40
12 15 16 37 18 30 42 38 3 44 35 49 28 37 48 17 20 19 23 46 47 36 21 42 46 31 43 19 48 33 41 18 17 11 39 19 22 43 3 43 24 3 48 32 42 9 12 22 40 25 2 19 22 29 39 15 17 11 42 24 22 32 12 36 43 9 35 11 41 11 42 19 50 5 15 48 13 1 48 37 27 43 31 7 42 8 20 32 40 23 2 38 20 35 19 42 21 5 22 27
2 49 43 50 40 42 42 42 21 47 3 4 24 36 27 19 40 49 16 32 23 34 33 34 33 37 26 7 13 20 15 13 10 35 32 39 14 24 7 23 2 9 39 23 22 17 36 25 1 36 28 23 7 1 39 23 4 22 48 26 22 8 4 19 37 50 3 44 11 3 28 10 21 47 10 32 32 15 37 25 36 22 13 25 18 29 40 29 28 23 30 16 37 37 50 38 40 16 48 43
12 23 34 9 49 28 18 32 21 44 48 13 8 2 5 31 24 8 21 1 1 35 10 37 35 22 45 20 27 1 28 34 48 12 14 30 31 21 25 10 23 21 50 35 5 46 21 39 28 38 7 44 7 24 31 18 44 35 27 15 43 30 10 40 29 22 34 9 36 13 34 23 30 41 23 1 11 33 28 14 36 19 34 18 37 36 4 16 45 29 42 44 14 11 31 34 45 8 20 41
35 49 30 7 11 35 14 30 34 20 34 18 42 48 7 16 14 22 2 43 19 5 5 7 34 29 33 43 6 37 46 12 18 39 37 42 12 9 43 3 38 47 5 7 11 19 5 3 33 49 1 23 49 13 39 43 20 28 39 2 13 8 2 15 34 35 31 11 50 2 9 1 27 32 40 39 48 27 39 50 22 13 50 47 33 18 41 2 42 25 9 34 27 33 26 26 29 5 41 38
2 38 4 14 48 40 39 14 15 27 22 36 2 27 20 9 25 34 7 32 4 10 17 47 32 32 34 10 44 42 35 42 23 36 14 15 11 10 47 47 34 46 16 2 43 37 40 17 40 50 33 44 37 38 12 7 44 27 48 16 43 25 12 4 42 26 35 28 41 7 19 38 28 43 29 50 11 49 33 25 15 18 39 41 28 2 43 4 8 8 23 49 1 42 18 45 45 39 7 50
6 11 31 40 26 32 50 11 5 29 47 13 13 23 18 39 17 40 2 10 43 27 31 11 40 31 38 10 39 37 35 49 3 18 47 6 36 39 17 50 30 19 19 3 43 30 12 12 18 35 20 22 5 11 9 37 12 14 4 24 39 8 13 5 3 16 14 16 26 48 12 14 16 48 46 47 44 8 32 3 2 41 35 20 15 22 19 10 43 47 34 10 26 13 13 21 37 14 12 34
50 14 40 11 1 11 21 28 41 32 25 40 15 23 47 28 43 4 33 2 5 20 41 22 49 34 24 28 5 1 7 19 18 28 39 17 18 33 14 34 24 19 5 44 1 3 23 16 16 24 20 21 12 42 18 43 44 10 46 35 3 35 45 16 38 2 43 45 38 49 25 42 18 43 32 23 35 6 18 35 19 31 11 30 15 47 45 23 39 8 35 45 22 2 40 29 42 22 32 45
13 20 48 6 46 19 8 15 46 46 48 11 47 25 30 34 44 28 17 13 39 32 30 30 45 40 8 39 32 45 10 45 35 19 15 44 17 4 40 38 3 36 13 44 12 4 11 43 11 30 31 9 15 45 21 19 41 42 22 39 16 19 29 2 1 14 30 48 47 16 35 38 47 18 36 44 49 9 19 29 14 48 10 44 47 40 5 16 32 6 47 10 23 17 40 50 13 47 3 4
29 6 18 36 46 7 25 36 18 39 4 3 32 46 32 47 20 28 7 41 45 33 39 33 32 21 29 32 24 8 13 36 12 19 43 8 47 2 5 43 38 39 28 7 25 24 48 25 7 7 10 32 43 32 46 42 17 25 19 38 50 48 48 26 36 38 15 37 7 1 14 16 6 23 46 14 46 50 46 4 13 16 35 48 8 34 39 50 14 8 24 36 11 29 39 15 1 13 47 8
24 32 34 16 17 40 41 21 46 7 38 27 41 46 43 45 2 4 1 35 42 1 20 48 22 37 32 29 50 16 42 10 42 16 36 13 30 33 25 35 7 30 40 45 32 7 29 39 14 37 46 8 1 47 41 21 48 30 2 48 50 28 31 26 28 24 12 46 22 13 46 13 42 15 17 32 7 4 33 25 21 14 21 46 40 27 1 40 43 3 18 6 34 47 16 11 50 34 26 43
11 25 31 25 25 5 16 48 26 42 29 7 27 31 7 23 4 1 36 12 27 41 17 36 42 46 49 27 7 4 26 35 11 17 50 36 32 3 27 23 19 30 36 36 40 29 33 31 5 48 13 3 41 42 4 7 19 45 7 45 13 12 27 18 21 18 46 43 18 29 34 32 1 23 8 30 4 45 22 31 10 29 23 17 30 7 29 23 22 42 50 1 44 14 43 32 4 24 17 23
39 7 21 49 3 22 18 16 5 39 49 8 19 13 32 35 32 29 17 26 49 41 27 45 5 19 11 33 47 37 42 14 32 32 1 35 30 17 34 39 18 32 39 8 47 41 26 16 20 10 50 1 42 13 33 27 13 41 46 31 13 21 27 41 27 23 40 2 34 26 42 49 45 2 2 20 20 38 38 28 37 24 13 50 28 44 43 28 38 19 27 45 3 22 34 46 24 20 36 26
3 44 12 32 33 11 45 15 29 32 40 47 25 15 11 33 49 13 31 1 25 3 3 35 11 16 23 24 12 5 12 49 35 21 43 22 15 2 21 30 27 14 16 4 21 42 5 1 39 1 11 37 9 20 32 9 41 44 50 19 35 48 6 14 14 1 9 31 33 23 2 36 12 12 26 48 21 32 8 3 20 33 44 30 34 25 30 34 9 29 7 15 2 21 44 2 43 3 3 25
21 1 9 15 1 9 33 50 41 40 42 10 11 49 1 19 45 10 6 42 21 8 40 15 40 2 17 18 18 29 32 21 44 10 1 3 27 1 50 38 1 15 17 7 2 45 33 29 24 3 14 43 39 23 10 33 8 9 8 48 4 10 37 44 46 44 42 41 22 27 40 29 47 11 7 11 32 2 27 49 37 3 30 49 29 21 11 30 13 15 45 16 46 26 7 8 2 18 38 4
15 14 48 1 7 4 13 41 20 4 27 27 18 6 36 37 9 39 11 39 4 42 27 6 3 25 30 1 36 2 31 43 27 32 14 4 48 41 15 21 49 40 27 39 49 27 7 13 6 29 50 49 19 8 31 31 39 12 10 36 3 20 50 44 46 14 6 39 28 47 42 13 45 36 33 25 50 45 28 27 29 10 12 22 16 28 32 18 15 3 36 17 11 4 39 50 47 13 25 24
14 19 6 16 17 3 14 2 37 37 28 40 36 13 50 42 45 29 48 4 35 37 1 5 39 22 7 49 36 1 27 27 20 16 29 35 15 19 28 33 25 46 25 37 8 40 23 47 38 4 19 8 32 48 3 39 17 40 13 30 21 12 42 39 41 21 47 16 15 16 4 4 8 35 44 24 41 30 46 14 12 9 35 42 21 33 18 3 26 24 33 3 21 32 37 13 27 12 7 39
37 37 19 16 2 38 5 16 1 16 29 35 18 34 27 31 12 25 34 31 9 24 43 30 38 13 23 6 3 23 23 24 3 49 48 42 4 50 19 20 17 48 12 21 17 50 3 27 23 47 47 18 9 9 48 23 6 22 26 49 9 22 34 47 12 48 13 47 4 43 35 3 39 21 44 17 23 22 30 22 31 22 30 39 48 19 35 9 30 30 9 47 34 44 30 39 18 37 45 33
35 14 19 28 9 17 11 6 12 9 21 32 14 2 5 37 16 49 5 19 17 16 34 31 17 38 36 9 32 18 42 41 34 15 28 50 7 9 48 11 41 17 6 50 21 20 50 34 6 10 25 27 12 37 44 16 2 7 13 36 13 5 25 25 31 45 46 10 39 45 29 42 43 25 10 11 36 22 15 22 49 40 25 27 27 22 42 19 11 39 18 10 23 5 46 28 41 50 15 34
5 18 24 35 29 21 50 2 4 17 28 6 29 33 30 46 47 49 48 22 10 42 13 32 8 40 49 12 41 47 30 46 38 2 42 49 33 6 9 48 39 35 21 22 5 47 22 33 2 22 21 22 2 42 7 33 22 34 47 26 49 49 41 19 45 9 31 45 6 16 16 6 32 36 42 48 11 47 34 16 36 48 36 50 22 7 19 12 34 23 23 41 32 10 17 8 47 38 12 7
34 1 27 32 3 21 14 36 13 3 33 47 6 28 8 19 12 25 26 6 29 23 37 29 11 45 35 12 39 45 37 28 19 30 8 27 19 30 39 2 7 33 23 41 33 49 18 19 23 41 23 2 19 28 18 13 18 15 19 41 11 3 17 49 5 26 3 8 9 32 35 15 12 20 17 38 48 19 45 38 3 1 50 45 30 36 21 23 8 34 50 46 19 50 14 47 26 2 21 12
7 35 30 3 17 17 50 42 30 17 25 12 11 1 10 9 29 41 16 31 49 18 14 28 12 14 36 8 36 11 9 16 47 37 50 6 11 19 32 32 18 10 36 13 36 7 2 24 6 4 11 18 18 44 8 2 33 39 39 12 6 48 42 9 14 24 30 20 6 7 20 47 48 31 36 30 37 1 26 25 48 13 24 5 28 30 13 20 50 31 18 19 17 18 37 23 45 49 33 43
6 12 30 33 7 36 39 31 3 44 50 6 3 42 38 43 13 46 15 19 2 32 15 12 33 49 6 14 1 26 20 6 14 26 10 1 47 24 44 30 43 16 3 33 18 24 6 33 21 33 37 18 27 1 27 33 5 17 44 18 4 13 18 36 16 33 17 7 33 27 45 9 4 30 18 12 7 7 38 38 43 41 43 9 7 35 39 17 34 32 20 2 18 28 17 37 37 49 35 23
4 39 7 27 27 38 9 50 47 47 26 50 42 17 49 35 32 43 36 7 12 18 49 28 42 49 4 31 8 46 30 12 17 2 39 19 38 40 24 3 32 2 20 7 38 42 27 20 6 47 39 28 8 34 17 38 49 43 34 21 8 14 50 17 28 23 34 5 32 17 30 43 34 3 22 43 2 13 1 4 10 7 22 4 48 8 4 21 27 39 28 30 8 44 25 22 33 41 8 29
11 23 28 10 44 46 4 33 30 30 34 32 15 15 47 40 14 24 21 9 23 34 2 47 31 22 42 25 31 8 15 3 43 7 6 36 25 50 3 11 37 24 37 35 4 25 50 50 19 20 10 3 35 37 25 46 29 43 49 39 30 34 36 20 7 18 44 9 27 33 48 20 36 27 42 1 19 25 28 11 30 29 39 22 38 6 50 16 39 37 19 17 9 18 45 8 8 48 34 45
46 5 46 16 9 8 47 37 26 15 19 32 33 46 28 2 22 32 2 37 44 45 36 30 42 5 12 20 6 4 47 27 48 34 20 35 24 44 35 10 13 32 47 50 5 37 47 5 32 39 17 11 20 29 36 29 45 13 33 4 7 43 5 8 44 41 24 14 31 40 28 8 6 4 7 6 24 9 2 33 13 35 29 9 27 50 10 37 42 11 37 40 16 36 31 5 7 40 32 30
11 15 17 31 49 39 40 2 19 38 8 32 48 44 6 42 3 49 27 4 34 45 42 18 29 20 49 1 29 8 19 22 49 45 40 44 34 1 14 21 32 20 20 25 19 11 23 40 31 37 26 9 19 29 32 12 29 5 50 13 42 13 17 4 44 8 27 41 21 21 41 38 29 12 3 8 24 27 3 26 41 16 29 32 19 12 45 13 27 50 40 33 24 29 13 43 36 17 15 18
23 26 50 2 22 28 45 9 24 19 34 32 18 40 48 11 34 9 11 17 20 31 12 42 48 15 37 18 40 26 9 24 23 34 15 9 33 29 25 14 41 47 47 22 3 31 14 28 17 26 47 7 45 8 36 31 26 35 5 16 32 50 27 15 28 23 22 1 31 3 46 33 22 3 36 12 50 38 33 39 41 23 12 10 8 39 50 30 19 28 29 5 30 33 24 48 34 39 26 3
6 15 23 5 11 23 38 37 24 27 22 39 43 25 16 23 26 28 6 4 45 8 5 19 16 48 17 26 39 34 47 4 34 1 14 33 11 5 44 4 10 19 3 19 6 36 2 9 10 33 32 30 29 48 50 44 27 40 34 31 13 35 26 36 2 9 33 36 12 50 11 15 7 47 44 7 14 26 43 38 45 48 29 24 46 5 50 22 22 23 14 33 8 24 27 7 37 39 33 17
4 36 36 7 43 17 48 1 38 49 17 10 8 1 35 42 18 2 38 25 18 39 13 23 45 16 16 27 17 36 19 22 16 46 32 28 21 14 24 49 44 34 49 45 8 23 4 27 45 38 47 16 21 42 38 33 37 30 14 17 35 19 18 29 4 44 15 9 29 40 30 36 6 25 13 15 35 3 33 41 9 48 18 21 26 13 29 22 29 21 1 38 36 31 21 22 13 6 22 39
41 30 24 8 7 40 48 25 44 1 13 15 44 18 46 28 45 30 15 42 21 14 11 34 47 42 8 42 9 10 42 32 17 18 5 14 46 31 10 11 1 6 28 34 41 19 18 25 37 19 1 46 27 10 4 21 21 33 35 20 47 29 8 9 30 45 32 3 2 11 2 42 15 32 9 10 46 42 18 40 25 21 22 28 50 34 32 5 41 12 28 34 8 39 31 5 13 37 21 12
4 21 19 17 18 38 38 50 11 27 12 16 43 25 47 42 11 50 46 5 44 10 37 49 12 19 15 28 17 25 29 32 38 16 11 44 15 2 23 13 17 49 49 6 31 30 10 21 35 8 15 25 42 26 26 47 42 33 36 39 10 1 6 20 28 28 25 39 43 42 22 42 29 49 22 19 5 49 30 9 40 36 12 9 24 15 22 6 7 33 33 10 24 11 3 31 22 6 6 26
38 21 40 41 45 33 45 37 17 50 26 48 27 9 26 46 45 5 20 31 17 49 20 22 46 21 27 35 28 24 13 9 45 43 42 48 42 34 31 27 2 35 15 27 40 14 29 21 12 35 9 6 12 45 6 38 9 27 49 38 24 26 34 4 23 10 7 47 15 43 1 4 11 29 21 41 45 18 17 43 32 20 32 44 9 35 8 24 25 39 43 24 36 36 11 25 12 21 38 45
16 28 27 49 42 33 17 13 32 24 36 17 31 7 7 1 6 6 45 43 28 44 26 45 35 39 46 8 11 12 16 27 42 13 41 4 46 45 50 47 23 27 29 14 50 48 28 44 13 19 35 41 46 41 20 19 10 49 31 3 30 50 13 44 16 21 15 36 37 14 30 29 31 37 43 16 10 40 25 20 19 10 8 24 27 19 37 12 8 9 44 11 42 1 27 28 43 48 32 35
24 22 16 47 8 36 28 17 34 39 45 3 14 14 22 27 16 14 10 25 23 50 10 32 5 35 2 28 6 18 24 23 14 44 38 40 4 16 32 11 42 49 23 28 15 2 47 50 29 12 21 30 24 21 32 17 38 10 18 30 33 48 21 33 10 37 43 6 35 23 47 27 2 30 18 43 33 27 46 14 16 48 29 34 35 20 17 50 17 28 14 22 40 35 42 12 16 9 44 40
13 34 15 30 39 21 50 48 42 26 38 34 44 20 26 37 43 9 9 45 34 16 24 29 1 9 17 50 2 26 14 2 13 31 25 28 4 39 17 18 41 25 26 10 29 32 1 45 43 31 20 4 20 11 48 47 22 22 5 6 42 27 43 31 24 14 17 3 38 17 34 48 44 16 26 27 20 42 13 32 24 1 19 30 34 20 26 27 4 26 19 1 30 11 13 9 43 22 7 18
17 29 31 13 43 18 5 1 20 4 11 12 26 38 18 34 45 13 28 26 3 15 46 13 18 1 18 18 4 1 34 7 49 2 10 44 29 47 17 12 29 19 10 5 6 47 2 16 7 44 41 17 47 17 21 34 24 12 13 50 21 27 13 23 18 20 20 41 16 17 23 50 26 41 41 3 7 38 37 40 5 32 18 34 13 38 37 35 15 11 46 44 50 9 40 4 45 47 47 49
19 19 39 35 34 6 44 6 12 36 36 2 28 42 37 37 49 5 41 18 5 4 3 34 21 43 41 24 35 45 38 10 29 43 7 5 33 19 27 43 3 24 50 28 29 9 8 23 6 36 1 18 15 42 10 47 15 12 36 22 38 29 44 5 18 6 17 35 40 44 35 40 34 49 2 42 27 39 27 45 46 1 19 1 46 33 24 40 27 30 47 40 14 2 36 16 2 21 49 49
22 7 15 36 3 18 47 2 38 5 3 4 42 13 1 32 49 3 43 23 8 46 19 37 19 14 20 18 10 11 22 46 18 39 36 2 30 8 50 24 40 47 43 45 44 38 13 28 20 28 5 17 7 2 32 46 27 44 32 11 27 23 49 5 1 39 6 47 18 27 18 13 28 9 44 21 23 5 2 25 25 44 50 16 50 7 45 48 39 42 4 18 29 1 41 25 30 2 5 17
25 43 20 39 11 9 21 14 23 42 48 42 34 42 42 2 3 4 30 41 48 17 48 13 24 5 45 34 29 50 26 28 35 10 5 27 14 25 7 34 13 8 44 21 28 14 19 6 34 1 15 5 19 6 34 49 4 13 15 32 31 14 15 42 40 42 34 4 36 44 26 31 14 21 22 1 29 30 8 3 20 46 17 15 6 12 43 42 5 25 26 36 6 30 22 36 26 35 46 7
2 8 20 2 20 35 28 39 36 5 32 28 44 14 23 15 8 42 22 29 38 16 31 31 12 32 33 13 35 46 46 6 30 25 25 35 49 41 5 44 12 3 33 49 23 9 11 12 37 44 6 2 12 15 41 18 50 49 45 20 1 9 3 49 33 7 48 34 48 14 44 39 14 2 43 40 32 42 4 26 16 19 35 38 3 4 45 36 12 23 37 27 12 11 42 13 45 6 46 16
22 6 26 18 6 38 10 28 48 28 1 18 4 7 11 29 2 41 3 25 31 16 35 41 50 32 8 41 30 39 42 13 34 5 17 11 43 23 32 31 26 27 30 28 35 4 24 17 34 33 29 38 35 37 2 22 21 48 10 11 25 17 13 12 37 20 40 47 10 38 20 23 18 41 31 16 6 20 21 16 42 39 39 37 6 38 23 46 6 19 4 20 13 4 25 23 25 28 35 7
26 21 43 8 21 18 31 9 22 24 45 13 32 46 21 45 4 44 40 42 23 15 29 12 12 14 24 45 40 48 36 3 23 11 13 9 20 8 27 11 46 18 42 8 2 35 42 34 1 33 36 41 48 38 47 31 42 6 49 50 7 28 11 44 24 23 34 31 50 10 17 49 4 33 47 7 43 45 29 11 47 1 16 33 25 30 35 14 13 4 4 23 18 28 18 48 34 34 21 50
46 45 28 41 6 1 21 5 50 22 8 25 24 24 26 44 42 43 2 29 47 11 6 5 30 10 31 23 21 15 23 7 18 18 11 30 27 29 43 13 22 3 45 47 2 47 32 25 2 11 8 28 46 28 42 6 28 46 43 38 23 29 28 11 41 17 8 11 4 35 16 48 50 26 48 3 30 20 37 27 2 12 25 22 19 11 28 34 33 18 36 3 3 34 28 13 5 10 5 44
10 29 35 21 35 14 47 38 4 12 45 34 3 39 11 34 15 20 16 47 34 19 35 11 13 5 16 5 39 27 7 20 47 31 33 43 27 41 45 16 41 45 1 28 9 2 12 12 3 48 11 39 21 16 39 5 32 35 32 43 11 40 32 32 30 16 31 30 10 14 42 19 50 25 16 13 37 20 8 35 7 47 24 26 42 37 30 16 19 26 35 43 19 8 25 21 15 48 25 43
16 36 11 2 16 26 39 25 42 24 15 2 1 40 45 35 45 19 10 1 10 28 7 43 19 35 47 43 33 49 3 31 23 22 6 50 50 50 49 46 26 38 23 39 16 14 22 20 23 15 12 50 27 15 14 29 49 3 20 27 21 47 40 40 7 39 33 9 31 43 2 13 29 13 12 26 45 30 28 43 1 42 32 49 46 27 9 9 45 7 44 18 46 11 18 39 27 32 11 34
40 28 40 30 37 49 40 20 23 13 34 29 7 22 22 50 46 25 17 20 18 10 36 50 4 21 50 39 1 9 50 27 12 19 45 17 37 49 4 35 40 28 19 44 26 18 12 8 40 4 46 31 48 7 5 34 33 18 7 11 37 38 41 34 37 29 13 25 45 27 45 41 45 14 32 25 6 19 5 1 6 27 45 50 11 47 36 12 41 12 25 8 44 40 45 21 9 30 6 43
38 28 24 32 30 45 48 16 47 22 5 42 47 44 3 4 4 50 11 19 7 44 36 45 22 21 22 4 37 21 18 45 13 1 44 39 45 34 8 17 30 26 3 43 6 4 14 24 8 30 30 13 13 44 37 23 41 10 44 29 28 25 24 25 40 25 14 38 27 30 37 27 50 49 9 39 12 13 26 12 10 7 3 18 47 38 19 1 29 49 50 49 14 4 10 35 11 27 49 25
40 31 22 18 10 13 33 11 38 38 25 6 35 38 2 11 48 49 7 22 33 29 15 43 37 38 29 4 10 47 17 28 49 45 18 5 2 7 45 14 40 46 15 44 38 33 26 41 15 22 27 12 50 13 7 25 46 21 29 27 11 40 25 18 38 24 8 4 32 20 50 5 16 9 33 28 27 40 20 4 1 2 44 31 43 9 9 45 2 20 36 33 44 46 17 18 49 2 46 40
49 46 12 9 32 26 1 39 43 28 8 20 24 16 30 25 42 13 15 42 41 28 30 11 40 33 5 13 2 5 42 29 4 25 48 36 23 39 4 19 4 7 45 6 39 25 48 28 39 43 12 26 11 10 45 39 24 24 49 20 45 8 7 13 21 42 32 30 33 2 38 9 40 45 36 17 35 25 18 24 25 47 36 14 26 36 7 49 9 49 4 40 25 8 50 46 33 28 44 14
35 42 45 16 45 12 29 4 15 34 49 11 44 31 39 12 9 27 44 41 32 1 7 16 49 32 35 24 22 31 1 38 5 8 39 25 16 30 13 42 23 4 14 17 42 22 19 29 9 3 43 29 1 40 3 27 25 24 8 19 32 4 8 49 33 7 22 4 44 7 39 35 2 46 4 12 17 18 42 5 21 28 37 34 10 19 11 41 32 18 42 28 41 18 37 2 10 40 42 42
47 36 6 42 39 50 34 44 22 31 5 17 11 40 36 46 13 23 12 14 50 8 7 24 8 50 25 40 46 40 4 50 22 49 45 37 28 50 30 34 18 44 16 3 24 44 3 18 35 29 46 9 10 22 22 8 7 39 3 18 24 46 41 9 14 39 13 41 4 7 26 21 35 11 8 50 27 13 35 31 14 11 21 31 26 20 23 23 38 18 15 28 24 29 46 15 21 21 35 29
34 44 49 18 1 3 30 44 37 24 24 21 11 35 13 23 24 6 10 41 41 2 38 9 16 38 48 24 32 8 26 39 7 37 35 48 12 22 17 26 49 25 12 6 18 17 15 1 31 30 6 45 30 8 1 37 47 37 31 35 7 34 40 30 26 8 37 35 18 18 45 32 21 14 5 19 11 33 28 2 22 17 21 16 43 6 24 30 37 17 6 49 39 23 45 27 33 6 42 48
29 44 10 42 44 33 45 25 21 22 21 15 25 47 40 26 45 32 1 13 21 50 46 4 7 38 47 20 39 17 5 17 6 45 9 31 34 48 36 18 45 16 32 6 42 30 26 39 34 36 13 41 14 40 40 27 4 2 45 12 29 36 22 14 27 41 21 30 39 29 4 15 47 30 31 45 37 25 12 5 33 17 44 2 30 3 3 47 37 22 46 36 41 50 30 23 15 16 17 13
27 7 15 18 49 26 29 34 17 3 11 31 31 3 12 28 48 1 17 36 40 39 30 33 45 33 14 19 39 13 3 13 19 46 23 38 21 13 47 48 13 43 11 16 3 19 50 18 33 22 9 40 43 22 7 38 18 39 13 19 27 15 16 23 42 7 18 29 7 29 42 7 48 28 19 16 48 46 12 22 40 36 23 16 29 32 26 49 43 16 26 41 8 34 8 31 28 22 30 3
39 38 9 21 17 46 38 47 44 22 31 34 13 12 39 44 46 23 10 25 14 31 18 16 15 1 49 42 43 21 3 27 18 2 10 22 3 35 23 11 24 19 19 15 50 29 7 15 6 17 14 1 27 4 6 6 16 15 33 40 31 9 7 6 9 40 7 43 16 38 14 37 43 26 35 38 29 37 24 18 9 40 5 28 17 49 47 47 40 26 20 14 27 7 2 22 9 24 26 29
37 34 14 43 22 47 35 12 50 1 5 15 12 46 28 26 20 7 12 10 35 29 18 14 9 14 38 24 24 30 12 25 19 3 14 6 6 5 23 30 39 24 20 40 42 2 49 25 27 21 20 17 27 41 19 5 49 45 41 22 4 15 7 16 29 31 16 18 15 11 13 29 49 39 23 41 47 37 44 40 16 7 45 12 36 10 3 31 50 12 3 43 45 29 41 41 40 50 31 22
2 37 42 10 33 23 5 36 18 31 27 31 47 36 41 36 36 47 43 35 31 34 31 31 36 29 9 2 19 39 13 9 24 22 45 28 46 49 7 26 5 9 14 10 10 23 16 22 31 5 40 9 46 44 15 38 14 44 44 4 17 17 42 16 14 44 38 30 13 26 8 37 35 15 6 45 7 34 46 31 6 7 50 22 21 11 6 29 29 1 48 1 15 42 41 26 12 23 33 23
40 11 24 48 15 11 34 16 36 48 47 31 44 8 8 41 35 35 29 50 28 10 9 36 12 8 12 39 38 24 17 19 12 17 27 40 41 10 37 31 18 24 16 39 38 37 13 14 1 23 42 11 1 35 47 14 19 13 22 50 8 44 22 32 40 12 39 16 24 21 23 1 43 10 18 40 22 37 45 2 1 50 22 48 3 1 20 38 41 43 32 2 38 17 45 25 13 21 36 19
29 20 41 2 4 9 36 31 8 28 8 17 26 35 11 9 7 1 18 36 33 26 39 23 31 22 14 43 43 33 36 3 50 33 37 7 42 32 3 50 31 43 47 20 35 12 12 21 36 10 2 37 5 35 21 27 46 8 29 37 2 44 41 15 23 35 22 13 30 43 6 45 41 32 40 30 29 8 32 30 48 11 5 5 33 17 14 9 47 27 50 8 28 36 8 31 32 26 19 38
30 6 22 39 29 22 6 22 6 38 18 26 4 33 7 3 15 24 16 45 6 33 12 16 15 34 1 21 10 18 36 43 6 39 2 37 44 12 48 28 39 38 36 32 10 27 5 24 34 27 42 46 34 12 14 1 36 3 19 20 33 39 27 3 49 8 46 30 36 32 2 28 36 16 12 49 47 47 47 12 15 3 23 37 9 34 25 9 40 29 25 34 30 33 49 37 37 35 14 45
18 43 47 45 26 8 7 11 12 30 50 29 12 9 47 23 25 14 2 11 24 25 49 1 2 5 30 48 23 40 33 4 37 17 27 19 6 22 27 30 5 41 9 10 36 45 33 39 2 17 33 48 13 3 28 49 25 31 9 36 10 26 10 24 4 35 37 39 26 9 31 13 15 48 32 47 5 38 20 12 28 11 23 41 22 11 8 33 30 35 10 10 31 6 45 30 24 26 38 37
17 1 26 17 8 5 8 33 36 40 11 35 8 24 45 22 33 41 37 12 19 39 21 31 12 26 23 39 24 8 1 48 31 10 11 32 40 47 6 50 14 38 31 19 49 44 25 43 17 39 34 47 36 40 2 30 38 35 48 45 23 27 14 33 43 46 26 39 18 29 22 46 13 46 29 28 44 48 29 13 50 14 46 13 42 4 2 9 45 11 27 33 47 8 23 1 18 42 29 43
50 42 10 25 34 18 27 40 31 7 15 39 35 23 44 12 14 7 11 17 2 41 46 7 28 1 36 19 16 19 10 39 8 14 32 46 41 18 11 41 46 49 19 48 45 23 18 41 38 42 36 9 15 49 46 5 8 46 24 44 49 10 23 26 42 36 40 48 38 6 27 38 43 29 42 6 4 42 24 7 29 41 25 9 16 12 19 2 33 1 44 44 33 27 13 32 9 35 33 25
31 31 36 11 11 7 26 5 21 20 4 49 25 21 14 30 47 37 29 41 20 23 36 45 21 48 34 44 24 42 49 20 50 4 20 13 3 11 1 35 31 39 30 42 41 47 8 7 5 8 37 41 3 32 13 32 44 39 3 27 8 12 21 26 6 39 18 29 30 30 23 26 47 49 36 10 16 26 40 39 22 14 17 48 44 6 34 23 26 2 49 18 32 6 49 12 9 40 31 23
47 2 20 24 38 44 43 11 50 45 26 41 42 46 16 48 41 48 2 17 13 34 14 30 43 16 33 12 16 36 29 43 29 13 14 49 27 37 40 33 13 7 41 1 49 45 37 41 32 48 45 47 47 26 11 17 34 30 50 46 26 10 35 7 44 1 31 19 34 16 6 45 46 33 22 36 42 40 12 16 24 22 25 5 45 37 7 33 42 30 29 24 4 3 15 7 18 3 9 8
29 17 37 6 13 9 5 24 23 28 26 47 10 3 43 33 32 45 13 13 8 26 10 2 14 39 7 19 49 31 37 20 20 29 41 49 37 1 40 26 7 28 50 12 6 39 6 42 41 32 35 11 22 23 13 11 40 16 6 35 8 41 24 19 45 16 12 15 13 23 45 40 29 16 22 9 12 40 38 36 18 35 34 28 5 28 23 26 50 37 11 46 38 35 49 10 13 49 26 12
30 24 7 7 13 9 34 8 2 37 42 7 22 20 20 23 9 3 26 44 22 50 31 29 16 1 33 10 16 11 30 19 9 10 3 22 44 3 50 30 40 12 33 3 34 12 11 27 39 29 48 46 19 32 37 32 46 7 20 33 8 1 30 17 13 41 1 14 48 18 1 50 15 12 5 16 8 16 47 35 37 22 7 47 9 21 31 48 9 21 40 14 38 7 42 38 42 30 17 14
31 13 44 16 20 6 33 45 11 40 34 31 47 22 22 17 13 24 16 27 12 38 11 19 8 9 38 8 31 30 30 39 44 20 19 36 13 3 22 14 30 39 19 13 4 10 24 12 27 7 31 50 31 31 2 19 1 30 48 12 4 45 40 27 13 15 31 32 32 37 2 11 5 21 31 30 39 15 8 45 20 24 3 10 7 5 50 6 23 10 25 42 17 6 15 50 14 8 14 41
29 31 9 20 38 32 48 25 2 30 22 18 36 18 28 16 42 38 37 17 34 11 33 14 29 47 36 46 9 32 41 23 25 41 39 8 9 41 10 27 36 37 43 41 26 39 36 50 16 43 28 25 17 28 24 38 7 13 50 24 14 21 23 1 11 25 25 39 6 4 3 16 17 31 43 43 15 13 47 21 15 18 12 23 44 29 29 33 46 14 33 36 29 45 16 9 46 9 11 45
9 8 21 8 44 26 33 38 47 28 28 2 4 34 5 46 23 22 9 8 33 49 28 7 20 15 32 41 38 50 8 13 25 3 28 30 38 26 8 19 50 36 21 41 32 42 41 23 49 18 33 19 9 33 45 38 42 1 24 13 34 29 43 24 30 18 34 31 33 3 15 3 4 44 20 9 14 33 38 43 27 16 23 37 32 15 25 37 16 2 28 50 47 50 22 30 13 22 33 30
10 27 47 23 7 42 21 36 18 33 24 19 6 6 21 18 42 46 15 38 35 45 10 43 24 21 44 9 8 45 48 27 13 42 33 12 26 10 17 41 28 12 17 48 23 41 26 38 48 26 44 37 46 31 38 46 8 33 37 38 20 2 35 41 4 47 37 50 42 17 41 10 44 32 11 27 9 21 22 27 3 50 37 16 45 8 25 48 22 26 48 6 24 28 8 47 36 31 33 9
7 12 7 45 25 32 40 13 15 5 30 4 3 36 42 14 44 22 12 29 19 16 31 29 4 40 27 33 37 48 15 13 35 36 36 11 28 49 23 25 26 12 10 20 24 37 5 6 33 42 42 18 3 38 28 23 50 29 35 30 25 27 28 12 9 44 16 17 6 45 39 27 10 27 30 32 32 9 22 6 27 15 12 32 26 25 10 29 9 6 15 34 44 21 34 50 50 50 12 3
27 15 9 6 29 40 45 24 49 11 31 14 41 17 33 44 19 48 6 40 30 12 32 3 17 17 3 41 6 45 4 26 32 38 19 46 44 9 1 35 4 24 6 17 7 29 39 26 45 6 18 22 12 22 21 33 2 1 2 12 2 16 13 21 11 12 16 15 49 9 50 41 32 40 36 32 36 12 15 41 25 13 29 4 10 40 12 41 15 17 48 34 35 42 40 34 43 37 49 26
30 9 9 12 7 12 27 50 47 20 43 36 12 11 16 36 39 24 22 20 23 21 6 22 27 15 2 50 13 50 42 33 43 33 9 47 1 23 38 2 41 29 47 17 17 41 28 46 40 7 2 14 24 11 37 33 13 14 29 16 16 47 11 36 2 46 12 8 47 45 19 29 33 19 50 1 23 25 34 15 7 40 49 37 40 47 15 37 37 24 47 24 34 39 14 8 24 31 17 50
3 45 44 19 39 30 23 6 45 20 37 17 19 47 5 15 13 40 21 44 29 35 50 43 42 3 19 40 47 37 17 15 28 8 35 32 2 9 2 35 14 16 33 32 12 24 30 20 19 37 17 47 38 12 18 32 25 32 11 32 2 45 11 28 40 28 19 2 33 47 35 29 38 47 33 26 33 12 49 19 25 23 9 46 37 22 11 10 8 11 45 29 7 15 3 45 48 44 16 26
2 43 11 11 34 32 13 38 41 7 24 23 1 45 24 48 12 16 35 46 3 15 1 17 42 27 35 16 44 45 49 14 11 20 1 41 21 19 32 10 18 7 41 16 50 29 18 44 39 22 38 1 7 18 15 47 31 3 32 13 17 20 14 5 30 16 42 49 21 27 42 12 14 20 26 45 37 12 17 6 19 27 16 17 21 23 20 6 10 41 37 20 21 33 23 12 2 21 25 1
10 19 12 32 17 7 24 28 43 7 5 28 24 29 1 41 34 22 23 35 1 14 42 28 7 39 26 16 23 46 41 27 25 35 48 15 40 37 34 22 17 8 43 41 1 32 50 1 46 46 9 28 13 11 23 39 14 27 9 40 11 44 32 41 36 16 25 28 21 16 36 3 36 42 13 49 36 49 42 49 5 26 49 33 10 34 19 21 41 4 2 48 41 19 22 2 16 47 9 14
40 29 8 5 23 27 19 18 34 18 40 19 30 36 18 44 24 43 26 23 25 26 13 15 19 9 33 44 28 35 10 16 26 49 2 2 39 8 9 1 17 16 50 33 45 4 22 5 2 20 50 18 9 18 27 30 27 8 40 9 30 47 5 11 50 43 26 19 5 25 47 13 23 31 5 38 3 8 40 5 33 31 3 48 40 23 14 30 4 19 8 47 26 37 11 49 6 21 47 47
30 15 7 34 9 20 46 22 12 13 2 30 38 39 13 40 36 38 50 3 25 44 10 25 26 8 27 39 30 29 33 31 3 33 12 8 5 43 16 30 18 29 40 32 22 44 7 20 22 41 10 38 24 4 6 5 26 39 10 30 1 16 5 27 45 2 26 43 17 14 33 13 46 14 48 7 26 32 9 3 40 25 15 8 6 5 6 38 43 8 24 39 36 9 30 3 31 38 40 5
22 9 35 6 24 42 14 22 33 30 29 35 29 50 28 2 23 9 37 5 32 25 39 18 30 31 4 41 5 27 37 30 22 7 39 30 33 48 20 24 50 33 34 50 38 8 9 11 49 41 1 2 29 34 2 34 15 38 37 13 49 35 24 14 6 48 36 3 20 14 6 29 43 4 44 8 28 8 3 33 40 43 23 17 31 42 45 38 32 14 32 40 48 4 21 32 14 36 17 3
27 6 16 8 33 25 29 24 36 41 2 2 15 15 47 45 11 42 23 16 15 39 26 12 48 5 47 4 12 27 18 37 37 30 48 46 17 26 30 7 22 30 24 9 45 8 26 37 1 30 43 27 33 38 47 20 20 43 40 32 11 36 33 17 44 46 15 19 15 25 47 10 46 10 46 17 2 11 2 47 38 42 21 13 30 14 19 28 20 28 35 3 12 23 40 11 3 46 3 17
22 3 4 43 28 13 35 33 27 14 11 23 13 14 2 46 24 26 5 6 34 39 36 22 8 10 16 22 27 34 2 31 40 17 18 11 3 28 38 11 32 9 23 30 41 50 47 32 49 18 36 35 31 37 16 45 28 14 23 21 13 48 49 26 47 21 10 45 10 30 48 31 5 24 33 14 45 4 25 26 12 40 16 30 44 11 13 13 13 24 27 15 40 46 44 24 5 8 20 42
13 27 27 35 3 44 6 39 4 18 2 27 8 2 26 21 10 38 5 43 11 46 15 25 13 21 22 45 5 22 26 31 9 38 48 39 14 25 18 46 18 47 9 14 23 41 23 26 37 39 22 47 14 38 32 44 30 24 36 8 25 12 44 7 17 28 15 39 5 41 47 12 28 11 34 28 17 28 5 15 15 1 1 33 48 29 1 23 28 27 12 36 50 38 2 27 21 46 6 34
41 9 24 21 17 25 27 19 45 48 4 50 42 6 24 26 40 5 11 17 8 38 1 17 48 48 37 11 15 37 4 41 5 18 41 22 36 18 9 40 43 32 10 31 42 5 19 44 27 37 20 41 33 37 11 23 32 50 47 44 39 8 19 24 4 35 28 34 16 27 40 16 1 49 12 42 30 44 7 24 31 2 7 20 9 46 24 27 41 3 19 24 37 26 5 32 6 13 16 47
18 22 12 22 20 33 36 30 21 11 23 9 46 16 17 28 24 18 10 17 14 28 13 36 22 46 7 24 30 40 48 24 18 33 49 35 31 4 41 8 1 32 17 19 45 18 47 42 24 9 47 2 2 10 32 20 31 47 36 41 3 27 3 13 49 46 8 3 20 46 6 29 42 42 4 17 37 44 4 12 17 13 12 19 31 47 23 27 29 39 8 40 15 28 16 41 25 34 35 50
9 45 31 10 5 47 8 16 24 23 27 33 11 29 13 14 22 16 37 23 35 4 32 43 32 29 48 37 25 32 28 14 20 6 2 34 12 2 26 3 5 22 13 17 9 13 33 9 1 19 47 17 4 33 1 42 44 30 22 8 21 11 3 30 46 11 38 5 9 22 18 6 3 41 7 15 22 48 35 12 23 43 7 28 50 3 5 43 4 44 18 12 23 2 26 20 40 33 19 50
16 5 25 4 42 24 46 21 21 45 5 23 29 11 43 8 29 2 42 11 18 5 26 36 50 31 11 19 50 41 7 18 42 39 34 5 38 4 8 7 24 2 41 3 34 21 26 24 24 36 18 19 49 21 41 9 36 42 31 16 7 28 39 33 12 14 20 19 26 17 50 39 29 18 7 7 31 38 3 15 31 5 36 17 39 20 48 15 4 37 5 27 20 42 2 2 9 7 7 2
10 47 7 23 26 33 44 28 25 29 15 43 6 34 42 34 35 34 28 28 42 20 2 32 30 46 30 16 38 17 30 42 31 12 26 23 47 32 13 31 4 35 23 41 42 20 26 22 38 26 29 4 18 41 25 24 21 16 26 18 20 30 41 9 22 48 49 1 32 8 17 3 34 1 14 31 3 38 34 48 16 17 33 20 25 48 18 49 45 25 40 3 38 49 36 46 17 50 31 39
50 26 25 29 22 21 48 26 4 11 40 3 3 36 15 12 37 35 32 34 9 1 36 5 25 17 9 14 21 4 20 27 1 5 3 42 3 43 28 10 19 12 31 37 21 16 6 37 13 42 25 33 1 5 25 38 48 36 42 41 18 29 30 20 18 4 35 30 15 17 15 50 25 38 40 15 50 23 34 23 9 12 34 2 13 46 42 7 2 27 37 41 32 11 15 6 42 10 9 34
11 7 12 8 34 1 32 5 28 32 45 49 32 3 5 44 16 37 47 12 50 14 25 49 17 17 43 50 29 27 44 43 40 12 5 9 24 46 28 21 4 4 23 12 49 42 27 3 15 16 13 49 47 24 23 35 15 39 19 47 23 20 16 38 21 48 4 2 14 40 1 44 3 2 20 7 32 8 15 33 14 24 12 21 21 43 48 23 3 41 15 12 9 33 40 44 1 43 33 48
21 31 30 4 36 46 21 33 47 34 21 3 1 17 41 1 24 43 6 34 19 49 49 44 19 21 42 1 26 27 50 44 40 6 5 21 11 4 41 26 16 4 29 42 2 21 22 28 17 50 5 22 49 47 23 43 45 24 47 3 36 32 12 46 18 12 23 3 7 9 15 40 13 8 39 44 44 11 26 7 6 3 23 38 36 14 20 35 10 28 17 33 33 18 27 29 46 18 7 23
46 11 6 17 5 42 15 42 1 24 48 2 13 14 23 16 27 44 10 39 10 49 26 50 14 46 33 13 15 37 34 10 13 35 16 13 13 9 5 39 16 21 4 9 20 27 6 6 12 33 41 13 32 50 8 25 30 3 7 4 27 22 43 39 35 26 41 36 36 18 47 11 17 27 18 1 34 41 13 33 26 20 26 3 46 46 3 25 45 18 4 28 48 38 19 5 32 36 38 21
16 26 7 46 8 10 23 22 33 14 48 33 30 24 28 41 26 34 17 26 46 19 22 17 19 25 9 8 1 47 47 34 41 19 41 26 29 32 7 15 25 42 10 11 29 37 32 37 18 35 17 36 7 37 3 33 5 26 13 17 40 21 30 49 16 16 8 11 7 11 15 39 47 18 22 31 14 35 35 36 34 22 41 32 19 25 46 40 18 48 11 35 40 4 19 1 42 32 18 18
32 20 9 29 32 36 9 18 1 14 5 18 27 26 43 19 50 39 36 3 23 24 46 8 11 17 50 35 49 47 21 46 25 20 42 6 21 26 29 49 37 38 39 30 43 28 38 43 37 34 10 16 9 28 6 3 17 15 11 43 48 23 36 36 47 38 32 28 14 12 38 12 10 3 36 17 13 24 2 42 1 27 35 10 46 34 48 33 7 9 9 14 44 5 2 15 20 16 3 47
