100
61402 68297 63558 62991 66316 71367 78460 67185 70810 72471 73201 62850 64075 70918 68638 74985 74057 68300 54698 67531 67859 69536 66321 71032 71398 68927 70434 64893 69668 79546 69831 67602 66202 65825 71933 72312 66191 63779 68623 73283 67010 71680 67870 67852 73656 71305 59782 71657 65847 73393 69454 64447 60094 69164 64317 75311 73164 70308 73416 73015 61507 69668 64871 66869 69904 74329 66790 64397 71321 64940 73207 70748 76113 69527 70006 71574 70532 71146 73424 64883 61555 67611 73131 72299 74541 62257 66152 68869 71190 63194 71224 69479 71993 69029 73280 63571 69796 75197 69413 75676 
55542 57376 54738 58400 54656 59249 66381 58424 61167 61447 63999 53236 57382 59206 59671 67225 63148 63666 52116 61457 60577 66558 59702 56088 57539 57666 59280 60452 57296 68714 64069 59919 58266 55004 62704 63736 61815 56860 58654 63042 61740 64707 62097 60612 65956 68122 56228 61467 56701 63350 65642 55521 52958 65378 57375 66929 60182 61590 64809 62482 52304 58206 59050 59836 61755 65434 63089 61589 59581 54414 60544 62750 63095 62925 61493 59951 61006 65121 65873 57278 54116 60302 64177 63835 60450 57139 61202 65211 61355 54692 60818 63561 67412 56290 66905 58190 62495 66697 64398 67879 
61319 64933 61147 60328 63206 65913 75188 65782 72009 68835 68579 60968 64270 69329 63473 76387 72598 69205 58348 65668 63172 70024 62732 67766 65056 68550 72249 64992 67063 70329 66529 69395 65549 64606 66386 73587 66168 62786 64443 68433 66305 68910 69410 67527 67557 70228 60112 70634 60721 71551 68234 64844 59153 70343 60841 72615 72648 64184 74382 68492 56814 68267 63511 64581 73468 65534 68491 66446 67866 59193 70478 69480 71398 64909 67259 68146 72849 71402 68124 62363 61623 61856 68128 68888 73445 61414 65869 67259 68358 62187 68744 70953 72968 63016 74465 63908 72155 70219 68358 75691 
49650 55711 55758 48771 59688 55719 64427 54458 61741 61795 60586 54185 56301 60245 55902 63405 59751 56864 49902 54973 55715 58576 53322 56613 63786 55392 60198 55141 56271 62476 58702 59018 58381 50110 59799 62855 53970 53796 54847 57931 56283 60963 56514 54004 57288 62677 49835 62669 49164 63154 57542 57996 53943 60347 54253 64179 60632 61640 63188 58813 50838 57672 54056 55366 54822 57675 57671 58667 59246 49164 59689 60255 62451 59606 62462 55419 55817 58373 58858 53734 51779 53625 59629 61715 62762 53195 58221 54137 57587 52142 63250 59946 57159 53490 61586 53730 58394 65503 56296 63612 
56544 60826 62795 55449 60336 60557 74740 62605 70464 70385 66898 57265 64163 68222 60564 74284 70563 66440 53172 64087 65630 68655 60016 64109 66534 65125 68344 64414 63723 70815 68037 60928 66116 62090 68007 69163 66031 60649 62244 65143 62805 66045 66306 67380 66481 65558 57824 66682 58211 68869 62160 61967 57995 71891 59012 73146 68856 62849 70376 66867 55960 69154 65312 62889 69828 63843 66021 62383 62640 59414 66829 64630 67776 65080 64740 64869 65807 65382 68522 65578 61711 61768 64996 68569 70265 58370 62870 68747 66115 60299 69968 64381 71996 62351 72185 58186 61943 68403 68768 73089 
51096 53696 57362 49553 54053 57636 61434 59059 60098 59726 58882 52513 52301 58343 58343 63637 64664 62271 47428 58872 54865 65644 56684 60582 59726 54263 61430 55026 59018 62269 62567 60125 57080 54215 57875 62689 60353 55228 57527 62774 56416 63247 62912 61385 59398 62230 54916 61116 55318 64456 54598 58951 56551 58409 55754 66034 60647 58436 67247 61884 50818 60077 53577 59242 61119 63226 61404 59257 59233 54073 61864 58850 65087 58861 60097 61610 59449 64760 61329 55182 52537 59830 64993 61169 63580 56345 56715 61867 59693 51995 60811 62030 58802 52833 61400 60260 56942 64538 59704 63390 
61318 64984 63797 62550 64186 64523 79751 67656 72412 73682 70567 64356 63639 70696 66370 79952 73578 69997 55005 68253 69469 74086 66615 66141 71533 63320 71636 66371 69358 75191 70238 69408 67126 64529 68829 72068 66640 62989 67258 71712 66783 71101 72082 67693 73045 72430 65841 71147 63371 71941 62769 66098 60221 71869 66536 77748 69612 64889 75617 72407 58452 66476 69221 62326 72040 70192 68231 66187 69873 63585 70709 68465 75040 68618 71308 70553 74628 67748 71042 65916 63922 65873 70880 69101 73443 62757 64690 71972 69648 66263 72729 69155 70141 67149 74003 66420 65674 70660 70149 75391 
59070 57148 62489 56820 62137 64012 72385 67574 66078 71896 67576 56597 58954 67700 63552 71528 71385 66292 55001 64462 66532 72197 61394 65875 68994 63715 67212 62034 67956 70547 70258 69014 65057 62685 64698 72751 64364 60695 64928 68281 61421 69614 68323 67271 69942 65894 60992 69779 60907 70512 61136 66506 61411 68276 60236 72866 65142 64553 76360 68226 56668 66256 65660 66661 66438 69375 69562 63985 64803 62200 65182 67808 71402 63343 66335 66156 73806 64762 68003 66202 63814 64314 68454 67558 73635 64575 67353 66067 65680 62583 67695 70524 67978 61781 70251 66238 62742 68769 67236 72673 
58803 63295 60991 58760 60903 66272 76096 62263 64677 63510 63204 58946 61137 66376 60729 69351 69928 66078 53497 63402 63027 64421 61209 65990 62238 61716 71082 62691 65803 69348 69312 65086 63168 61561 67143 67864 60850 60595 64770 67349 63049 67852 67689 63163 66821 67756 57221 64039 59828 71200 60955 62433 58515 65873 56787 67523 67649 68585 74871 64830 56069 65083 58777 59500 67976 64852 62732 62531 61877 56325 64184 68575 70233 63034 66951 67837 67832 67913 63527 58934 58552 58606 65070 65152 67952 60688 65035 65759 64954 60566 64138 68011 66703 57528 67448 64207 68310 68983 62955 75464 
57838 61665 62479 54584 62377 63884 73430 66462 66175 65830 66174 57964 57364 65345 60972 66406 68047 66323 51733 64161 63645 67481 63083 62041 66367 59846 66919 60650 60854 68676 66364 64266 64930 60172 65103 67637 65600 63796 60979 65972 62640 65836 63706 67234 64250 68178 58003 66906 59131 70471 62091 63314 56227 67231 62434 70387 65319 62915 73809 65508 57708 67604 61820 64049 64381 67445 65520 62717 65381 55976 68822 65440 72593 65437 65773 61244 62478 62889 66587 64027 57157 62184 65176 65712 69091 62528 62495 64879 65028 56896 71716 70150 68137 59112 65925 61148 64260 74796 65437 74346 
62671 66074 60877 62372 66852 71560 78249 69599 70980 70649 71527 62272 60084 72432 67132 74281 72546 74437 52026 65766 71880 75070 71063 70055 65943 66323 80152 66957 72716 77336 73821 67884 72864 64045 67730 74610 69401 69945 68867 71015 68051 72729 70629 68397 70438 72151 64816 69850 63553 73169 68660 64630 64673 72448 64901 72625 71651 66982 76252 70769 60556 73621 67639 68323 74031 72907 72614 64470 67835 64485 72878 72155 75795 65913 70819 69937 70260 70609 70525 65867 60954 66189 70804 71409 75650 65171 67974 72510 69746 64012 73147 73492 73220 65689 73638 68166 69545 78437 72220 79910 
50688 56082 58004 51272 58784 60938 67477 61933 59683 65174 61087 57490 57375 58682 61663 67523 61772 61357 50705 60570 59691 66251 56636 61070 60375 59252 66415 56046 61629 68848 63754 60296 61971 58129 62870 65473 56765 56250 55653 63987 60546 65330 61857 62764 63949 61389 54791 62821 56974 64309 60902 55276 54984 64561 56148 66498 62546 60611 69418 62108 52821 56715 59129 59136 59573 60540 62204 61083 59623 55603 65942 59844 63259 59573 59719 61897 60842 60917 60370 59606 53575 57739 59099 63251 65194 54235 62638 59660 60338 52986 61044 65820 61759 59384 59486 59932 57647 62293 60788 68899 
59816 63372 65324 58054 62997 65162 72524 65375 63638 69645 65325 59288 60389 66500 62757 74339 69504 68875 57654 61373 64040 71445 63772 66744 66836 66381 70133 63907 65214 73442 65151 69162 65463 62031 73580 71571 62005 59198 64337 69084 65771 72596 66021 63964 71319 71818 58315 70276 59432 69806 65509 65091 58313 72755 59363 72720 68294 69859 73724 67669 60065 69510 62998 62840 65347 71829 62335 65909 61329 59154 65418 64538 69455 67582 70917 65092 66747 67877 68436 62797 60086 65430 72427 67080 74632 56840 62768 67850 66925 61370 68603 69547 72406 62064 69587 61295 64306 68932 64339 74588 
63259 63224 64067 57824 64247 68249 74318 68674 68551 70209 70904 60474 62757 71182 65581 78530 72350 70671 60409 63672 63946 76962 62637 71640 70856 70249 74275 65392 67493 70980 70680 71515 65993 65963 67051 73562 67761 64834 69211 70072 70965 75254 69791 67904 71674 77702 63082 74378 63864 74779 72039 68006 67630 71188 62989 76588 73648 71297 79933 72724 59494 68811 66365 66228 71102 72979 69610 71283 67984 60825 72455 70870 72607 69525 70690 64132 70702 74769 71740 62760 63337 65875 72382 71230 78449 64824 69503 68589 70805 61317 72959 77873 71336 66959 73449 69888 70705 74923 73252 77190 
60224 62911 63535 60471 60663 67411 73315 68475 70512 69925 68137 58270 63744 71480 65824 77866 70616 70740 55927 67494 67669 68313 67040 65215 66963 66126 66450 64399 64111 72665 66668 65946 66728 65216 70085 71043 64922 64894 61404 67725 65136 69600 67210 66788 68029 66748 60256 68155 62559 69272 70943 63041 61399 71615 61703 77238 69418 65827 75366 70213 55814 64824 64702 64715 72079 71387 67257 68186 64590 63022 73856 69036 76449 70085 66229 69871 69109 67668 72988 64940 63823 65582 68062 68895 72290 64548 65398 71696 66539 61833 69276 70223 72701 63086 71845 68746 68874 71244 73081 73527 
64902 63049 66006 59120 65747 69710 78738 72195 72310 73889 70258 62469 61409 72237 69312 78562 75485 71022 56777 68354 69655 75787 68360 73609 72960 67929 71284 66089 72477 76131 68508 72660 72292 65829 67956 69902 70245 67077 71140 75064 67337 74804 74073 71428 73984 73717 66008 71532 62765 76044 67925 68599 64498 73350 63463 75851 76167 65761 76161 72769 61507 72963 71676 66556 72058 73261 69220 69295 69942 63661 74907 72631 77534 66024 70169 68517 76070 70365 72319 67430 64741 67260 72414 70924 78453 68245 64809 75731 72150 61487 71605 74973 74268 65956 72785 69867 71487 75045 72755 79290 
54345 55378 60354 55105 57937 57735 73401 60651 64171 63412 61385 58058 59578 62343 58328 69322 67561 65254 53579 59760 58830 64802 58515 62842 62910 63369 63513 57721 65663 69690 62202 64600 66055 62204 65399 67543 58883 57760 63221 64252 60541 67586 62331 62021 64146 65515 53112 64676 57450 66702 60501 61767 56684 63540 57828 67390 69405 66475 71855 65934 51470 63876 58839 59816 65016 65191 61332 63810 59835 59744 67487 64643 66258 66911 63141 61670 67677 66931 61097 59322 59157 57645 64246 62116 69648 60778 62928 60449 62909 56890 62934 69593 63861 58264 66229 60006 63622 65470 65633 70616 
64190 67584 65922 59955 62036 68675 73429 68654 74330 71618 74638 67424 66187 74098 69894 77165 70452 73016 56018 69744 67876 72433 69199 69664 70584 68576 70924 68980 70626 76757 73064 68457 68970 64054 67266 77301 71339 67299 70765 68988 66186 71244 70391 67967 75262 72319 63779 69293 63344 75274 69682 69736 64501 73451 66725 79464 75405 69060 76350 74303 58922 70254 66173 67348 75098 74780 73170 63333 71063 67217 74087 72366 76465 68923 69685 66220 70001 74109 71971 67416 66721 67404 68608 71311 75744 64081 69230 72921 66911 66145 74733 72026 71827 64550 78092 70478 69175 78760 74690 76462 
50604 56049 51512 51458 55642 58245 65999 56792 60241 56929 54526 50468 47612 59412 55492 62625 60208 56364 42248 51547 56775 61095 53994 54421 56298 57554 66971 51673 59865 58193 57778 58642 51530 54710 60055 57954 53713 55664 54389 59848 59107 56920 60455 61333 61739 57217 49989 57650 56781 63972 53705 51699 50127 57341 53679 60061 62545 57118 63290 55180 52280 58137 52146 52296 58954 57078 57712 55243 55801 50203 61705 58819 61499 56203 58541 60645 58919 57510 59751 53922 49474 55037 58885 55608 60054 48840 56517 58227 59041 50175 57707 60434 61890 54143 61958 55760 57478 57795 56159 61316 
51846 53218 59213 49905 54274 57487 63576 57482 60722 63039 62834 54815 57705 59954 52840 62576 59472 62421 49190 59491 55596 63112 55758 65244 62329 58407 58377 55579 57290 65689 60875 57589 60869 55306 60724 62645 62402 52698 57123 61347 54717 61650 63053 57824 58836 62605 55094 61423 53502 62290 61343 60150 57347 60978 54756 61309 63306 60842 64118 61606 46863 61674 53439 57055 65381 60915 60196 58143 63772 53300 65879 61363 69211 61543 57683 58228 56847 64813 62875 54556 57560 55541 60157 63050 63242 53909 56121 58733 62708 53769 65181 58672 63483 55508 63109 59645 58327 64660 61869 65715 
57991 57246 60197 56569 62002 62509 75434 64798 64174 68496 64181 58997 63069 66340 62646 71441 70015 66361 56179 64012 67747 66967 65955 70638 62290 58968 66708 63057 63220 70252 65792 64021 66848 58846 66264 68878 63726 63924 61505 69494 59256 65711 66910 61388 67327 69340 55407 63422 60599 65148 66334 62064 59539 68322 60936 74033 67908 65579 71226 68619 55432 64425 64337 63651 64633 70271 60688 62576 63026 60860 63217 69906 71034 63120 64784 61570 65437 63409 65960 60736 56644 61049 64571 67301 69970 59418 62186 67103 63104 57352 73035 66420 67235 60225 67911 64221 65062 68809 64478 71118 
56450 58558 62179 55966 58154 59668 72700 60119 63957 65530 65349 54537 63030 64444 61972 70294 67567 65908 53336 61638 60694 65122 59529 62206 63336 64675 65487 63209 61484 67556 64754 62988 62329 60843 67987 61150 66910 58568 59784 67132 64201 66936 63441 64992 64076 67137 55762 62770 56980 66794 60678 60391 58004 65396 58379 70742 68034 65221 71354 65118 55322 66341 61408 59400 63272 62695 64082 61405 62864 56669 65064 62853 63104 64016 65759 66300 62517 67595 65431 58705 53277 56241 65490 65245 66844 59977 63151 66844 64809 54446 68065 65249 65831 59570 65499 61837 66372 62503 64719 72973 
59620 62237 61430 56088 63788 65240 75731 62141 66999 68951 67906 63475 62091 67050 62271 75603 75305 69753 59182 68202 68233 68839 63264 68505 68500 64954 68005 65037 66168 72419 69334 66136 66946 63194 66902 73405 67786 64216 63749 72384 60324 68684 65365 66574 68871 70654 60737 65533 58544 73036 65609 68430 60013 70934 61228 73242 70665 66791 75586 71670 59304 68277 64892 65404 66909 68556 69877 66851 63911 61959 65404 66420 72948 65484 67716 65237 73038 71282 68936 66548 61109 66092 70162 73019 72863 62093 64934 69800 68467 60646 69733 69791 71161 61142 72603 60018 67145 75025 67792 75653 
60532 56496 60598 53105 55533 61582 67705 59620 64294 62877 64136 58135 57543 60222 58219 66463 65313 65154 51985 65272 58848 69458 64264 66346 65330 59609 64035 57896 62406 69240 68635 61147 62806 59112 62662 63353 62089 58189 63090 64911 60520 63423 67736 62836 69310 67532 54622 65319 58451 68518 65268 62585 59747 63491 57717 68958 67616 64124 66748 64110 55056 63836 60124 60866 64408 66922 64155 59554 62734 59081 68012 65848 68890 60194 64641 57536 64450 64607 60618 60110 59212 58680 63533 64327 67149 59919 63062 62841 61710 58100 64739 64153 65139 57152 65511 61881 64392 69054 61604 65896 
60060 65934 64934 58234 65552 70501 79370 70712 74871 71892 72831 60803 64827 72717 70943 78005 74023 69605 57842 68420 71038 74370 66937 74475 69617 68487 74971 69955 72541 75719 69094 65827 71683 67728 68470 70846 66051 64645 64990 70937 68875 71230 73162 69030 73175 70190 63819 71940 65478 72263 69168 63832 65649 75082 63299 76343 79023 70117 80148 69276 57518 71562 66377 65275 69594 70582 73274 66024 68910 63294 75468 75448 71939 67589 68063 74718 74006 71957 72976 64624 64686 62412 70068 72859 79789 62519 65654 73114 70676 61968 70588 73263 73993 69783 74099 67655 71310 72649 69853 77455 
51933 54355 57753 52778 56811 60673 69241 59988 64539 62443 62480 61508 59975 59510 54039 69657 65757 66015 52925 58583 62861 62750 57887 64700 61998 61875 62413 55802 62384 69642 63082 62701 64660 58278 60718 65254 64109 59647 61575 59170 55461 60563 62149 63919 65107 66163 56488 58192 54502 65902 60239 56736 54384 62568 58084 66473 62103 64359 70125 65054 50426 61591 56550 58436 60936 62895 60513 56906 59073 57889 62844 58953 67553 60110 60863 58472 63491 64053 59520 59300 54531 60738 62757 61740 66423 57060 62983 65122 60660 58743 65639 63979 60511 58079 66369 62311 61244 67531 63427 69548 
52410 56972 57734 54084 54834 59821 66534 60806 58019 65834 61795 53548 52277 59071 58807 61314 63461 62807 48669 58706 59609 68471 57646 62190 58200 59549 65341 54202 60687 66661 63366 60185 57551 57424 61490 60162 55823 54561 58594 64803 60191 62267 63670 58303 61525 64505 53860 63366 57561 64238 60310 60026 58446 63305 54673 66816 62400 58955 66112 59294 50025 62324 61689 60904 60514 62677 59291 56281 60387 54228 63882 62968 64916 57467 58851 61122 62508 62804 64390 59120 54489 52022 60621 57608 67269 54941 57698 63700 61169 53449 60818 65063 65661 58799 63639 60735 64082 62971 60990 68108 
53323 54962 55391 54122 59486 60117 67068 59744 63471 62645 63421 55532 58946 63707 57485 66122 62072 62345 48559 62485 60171 63628 57209 64064 59045 58869 61153 57241 60253 68851 63529 61482 59987 54840 59922 68486 57461 55335 60232 62865 57187 64741 61165 58459 62800 63701 55985 63196 55701 64793 57132 57388 58377 64324 59162 65874 59465 60182 67928 62211 53492 61482 57655 60764 59791 61418 61548 58180 63054 52620 62187 59512 66975 58554 63539 61547 63647 62402 62808 58774 53283 57131 62722 64686 65842 57296 58487 57948 60444 53569 62597 61584 62767 58338 61687 59007 57921 63419 57472 65113 
59133 63594 63656 58905 63603 65801 73464 65749 60545 69956 68390 59147 57290 68089 64817 72689 67993 65550 52480 61145 65808 69924 63069 68281 67186 67421 72148 61033 66555 70134 66600 65309 61344 63286 68213 70642 65925 64920 62668 72092 62149 71768 65525 65212 66372 69041 57883 65410 61280 71749 63271 59980 57609 65845 60626 71779 68948 66389 71199 67331 58670 63812 64874 64489 67306 66012 67110 63824 64487 59082 66462 62848 66455 63652 63052 65300 68091 70773 68411 60527 57738 59683 69612 70894 67698 62643 63073 65668 70050 59082 67652 68339 68593 62919 72263 62991 65706 66421 69483 74851 
64490 64660 63515 62032 64534 66968 78682 65714 67555 68018 65757 58552 64283 68644 66024 76255 75696 73078 52977 67665 64791 70205 64742 66597 69140 66421 72191 63528 67893 73117 68587 67420 63984 64305 69462 69580 64556 63155 65183 71219 66194 71149 68328 63143 72063 70507 63067 71014 57914 73127 67248 67804 60176 71037 59390 73613 68448 69910 75587 70393 58738 64987 66880 61963 71124 67570 66376 69824 64399 57995 69234 68198 73527 69881 69406 70506 71513 72140 68962 62449 63786 59564 70802 67846 71023 65784 62711 71723 69332 60793 69278 69512 68487 60914 70770 62512 70549 70988 68482 74908 
59813 58564 63745 60271 56306 63129 71394 64205 62770 65804 60769 58879 59133 68662 60971 70892 69820 64460 54689 63530 62773 69614 61591 65781 68695 66157 64466 60418 64582 69494 67669 66462 64938 60420 66492 67883 64744 62698 63961 68854 62778 69688 67296 67178 69047 68732 55050 65066 58637 69401 61735 60981 56394 68803 57839 70542 66820 66987 71855 66091 55809 66566 63187 58961 69209 66882 65313 67622 63033 60790 66439 63195 73900 65590 67503 61115 69008 67862 65368 65191 61408 63695 66976 63761 71715 62072 63003 65194 67165 59663 69284 68322 69272 56610 70017 61550 62954 70296 66049 70711 
58603 62377 62467 52501 57264 63158 73714 61424 70007 68368 65848 61588 61192 65276 67753 73290 71815 66125 52756 60894 65681 69863 60863 66299 67791 62400 68137 63401 68857 70558 67406 65393 66335 61973 65465 68111 61889 62904 63715 66265 61785 68407 69748 62111 68614 67555 54603 67389 58750 69657 65656 63612 61399 68649 63139 71085 70789 68906 75150 69745 54941 66774 62702 62485 66220 69265 63775 60225 62820 63711 65758 69682 73210 64847 67971 65477 70806 65692 66301 62478 62521 62364 63685 66515 74524 63511 63076 64738 68284 60177 64522 66331 63539 60016 66327 65457 65866 70090 62848 72708 
56916 60108 61473 56987 66881 66742 76142 66572 69258 70365 66371 59178 61665 66852 65210 74612 70619 69561 55366 63142 66363 69646 62131 69436 68739 65884 70392 61559 66824 73595 67841 67889 66347 57880 70831 72377 65760 62909 63312 70602 65297 65769 65681 63956 69504 69282 58984 70083 59197 71094 63258 62653 63956 74093 62205 73016 70053 68136 76839 70782 57688 67478 67077 62793 64638 68038 66108 65432 66738 60141 67905 72595 75879 66769 69292 67010 67901 68326 69261 63860 59421 64236 68281 66121 74068 63996 62827 67064 67750 62913 71704 68763 67021 60099 70563 66181 67517 75016 65913 72932 
58868 60155 61238 54132 57740 61941 69404 64757 65836 61112 63315 57030 56842 63554 62736 66722 66763 68426 50842 63456 61599 66537 61188 65511 64766 64737 68322 57151 60693 67956 64292 64471 61294 58085 63130 65158 59505 63995 57124 63497 59217 63740 62915 64321 65866 66552 58043 62611 53693 68210 63093 61245 55545 62802 55154 68536 66320 63276 69672 61267 49122 64326 57407 61600 64585 63043 61667 59840 62386 55450 71380 59083 68446 63363 65103 64148 66444 62878 63846 58140 52310 58713 64318 62571 68638 57769 56593 63793 66342 54775 68938 67240 66570 57970 69697 61127 65525 68172 64350 70204 
58153 61589 58238 56943 60843 62649 74026 63609 68148 67106 63381 59894 60307 66269 63143 75203 72257 64512 54293 63673 63435 65226 52402 65192 65322 63193 69981 62401 64314 68837 67520 65818 64077 60464 65015 70230 61671 59960 65240 65771 65828 69099 67973 64992 64220 70760 56652 69067 60517 65847 60053 62042 60299 66368 61345 70743 68124 64994 71701 65281 59454 68273 63908 63850 65298 63983 65163 63144 64389 57759 68722 63237 71154 62692 67415 64465 65272 68758 68998 61882 54442 63832 70878 67392 74145 58401 63864 68176 65889 60525 66728 66440 66509 59841 69459 56607 62119 66295 66142 74312 
56764 55429 61490 59223 52642 61666 70356 64608 57528 64555 64590 56955 52687 65927 59577 68130 64487 64465 51917 59963 61331 66436 60205 63449 61256 61022 66602 59403 63216 65255 67214 61295 60637 57841 62313 65032 61721 55140 59086 64007 58092 64022 64763 64739 62027 64929 54934 60505 55178 62567 58017 57913 54902 63137 55855 66653 63853 58932 69730 65551 52481 63833 60523 59593 66557 64097 62879 63134 61892 61255 66581 61788 69540 59035 60525 59081 61869 63536 62646 57731 58866 60168 64200 62918 62828 60434 59873 65989 65925 58262 66457 65147 64305 57872 65014 62274 61147 67464 62108 67339 
60065 60054 63626 55612 61495 59447 71081 59016 63610 65207 62774 58979 62234 67129 65636 68091 66939 64681 50320 62607 62018 64441 62290 65553 64327 64112 67673 59505 65849 65210 65074 63688 62870 59756 64090 67826 64783 61289 57632 67642 60647 64699 65298 62647 65452 65848 55324 63641 56191 65794 65079 61641 57243 63432 61845 66688 64987 62674 70673 68720 54950 64894 59914 60685 67285 64753 61017 62363 64352 59718 68398 68580 68386 64114 62602 61359 67659 65145 64739 58519 61280 57551 60574 65134 65696 60575 66023 63602 65584 54854 67943 68610 62139 58444 72216 63594 63716 67916 68306 70731 
57551 66730 67900 60871 63842 68624 79319 70632 70994 74303 70978 64299 66343 73966 68173 77010 76224 69206 61107 67413 70938 74434 64922 70782 76360 72022 73670 67176 71682 78198 70734 70168 71602 65264 73482 70371 68313 64504 65334 72808 70674 74912 71162 69814 74753 73334 64111 71432 64375 71958 65878 67426 66181 75201 61170 80093 69487 72799 78846 72072 61708 69886 65256 69481 70930 76717 70221 67561 67573 65795 70579 67344 71892 72825 71035 68371 71740 72081 74591 68655 65773 68720 75362 70842 78301 62796 71837 71549 69603 62922 72260 72590 74852 69038 68702 66910 68983 74239 73662 80350 
64016 63820 64181 61213 64836 67677 80591 66162 71169 73588 73513 62208 63317 69330 66180 72775 74160 70395 59080 64953 65376 73391 67389 70154 67039 63894 75922 63201 70362 74962 70368 71793 71668 66425 69876 73088 65279 63395 68552 71630 70411 73288 70367 68166 71434 71399 60641 71372 62317 71634 67769 66761 65971 73417 63169 72924 74672 68290 79868 71630 57478 71096 65302 70802 72766 70478 69589 66347 70834 65608 70208 75340 74107 68247 72165 68620 74212 72538 69734 63032 64871 63865 71437 70355 73147 63513 70309 68166 65784 65468 70105 73821 74182 61995 72639 67483 72943 70666 72104 77795 
61481 61628 60587 58732 64488 66400 72878 63035 71746 66041 64997 61969 59726 68736 62023 76067 71440 65960 51990 63743 62643 66341 60228 61759 66872 62418 65548 65383 66757 73463 68230 64264 65398 59891 62530 67954 64412 60952 66133 64144 63998 68263 66179 67797 69344 72272 61448 69711 63695 71898 66767 64365 62918 67762 61296 71512 67118 64398 70430 66967 58796 65673 63266 62786 67913 66306 68784 65698 64284 57071 68394 66276 70955 67944 67241 63357 68980 69484 68984 66640 59879 60395 69141 67774 69953 62267 66954 65562 64479 59019 65142 68459 69518 62548 70017 63218 64401 68405 66698 72214 
57706 58728 60264 53148 59285 59728 70764 64207 63816 68579 66462 55491 56894 64577 62890 68385 66408 60653 47957 63331 59661 66052 58014 59431 66812 58913 65432 57347 62749 65792 62923 59014 59300 57753 63846 62958 60888 60181 60404 65060 59659 59104 65389 62390 63353 63613 55037 64181 55931 68113 59590 58289 57582 64146 61784 66166 64498 60787 70719 67080 52840 60537 59097 62090 63626 64489 61796 59776 62914 56644 65367 65629 67716 63363 62825 59883 64161 61308 68390 61493 56577 59428 62877 64799 64851 58385 61882 64912 64089 54729 65320 63230 64413 57110 67629 61739 61559 65991 66842 69778 
58970 54426 56085 50551 58276 62011 70342 63739 61648 61241 62705 54930 57278 62184 62677 65050 67781 60706 51246 58993 58615 64165 59281 62969 63605 59162 61893 58176 61176 66838 60266 63519 62538 59438 63698 67836 60678 58314 60269 63206 55944 65730 62078 59967 61563 62167 55485 64738 56337 65593 61125 56146 54273 65200 52648 65235 66603 62241 68135 62761 52036 65423 58224 60741 64497 61961 59631 60314 56949 55754 64897 64420 66097 58042 61671 60110 66786 64638 58903 59329 54326 59051 61548 62284 68780 62115 58838 62527 61664 57493 64987 65907 67577 55439 62071 55710 59612 67904 61104 66508 
59875 60341 64734 60590 61834 63293 74279 68388 66740 69432 70311 63401 65355 71428 64036 72864 71957 66876 56421 61972 66034 72063 63343 69284 67462 66002 71136 63175 68195 75954 65932 68646 69799 59538 70680 70659 59873 61260 66645 67527 66802 71795 66699 65195 70248 70575 61712 70074 61069 69239 64308 64728 62103 74917 58586 72039 71493 71481 74901 71137 55827 68575 64139 64195 66972 68806 65064 65144 68724 63574 70433 71012 72020 68780 69878 64430 66991 70008 68439 65199 62229 66248 70324 64520 75870 60519 66412 71913 66013 58875 71683 72175 70765 60571 70525 62859 64487 75208 68773 75076 
52560 57448 58351 54147 58780 55368 67771 59664 63692 65064 60524 58648 57905 62501 57647 69284 64060 57956 59256 58628 58686 63902 58482 59998 62618 59106 67130 57312 59251 61878 60856 62940 60737 55961 63409 65091 56646 60150 59680 62204 60662 57989 66891 62226 62741 65951 51823 65074 57648 67311 58341 60448 57639 65135 58374 68593 65141 64469 69630 63953 52521 61314 59153 59741 62655 58849 63964 66289 60733 57995 66694 66252 63587 61787 62093 58697 60745 63151 61987 58201 57360 58849 62414 59332 66495 53021 61023 62062 60605 55611 63753 62713 66295 54076 67951 53699 60570 63192 58849 69220 
55293 58495 58833 53427 57310 58938 65891 59877 61409 66163 65748 58437 55402 61270 60719 67634 65441 63463 48539 62591 57847 64205 56565 61883 66907 60295 64737 55034 61650 65545 63841 62117 60249 58197 62662 62047 59624 56221 60545 63975 57570 63341 59955 59618 66099 63722 54172 62706 52935 62806 60291 60721 53669 64346 54976 70178 65152 60441 68448 63373 54481 62582 61263 56105 64048 63054 63495 58845 61401 58646 63067 61640 68913 63074 64447 62371 66397 62780 65207 58608 58084 60101 62066 62177 65034 56989 61452 61589 64143 60582 65055 60501 59732 55963 69362 60046 57323 67983 64757 66907 
61581 60222 61493 60180 59120 61083 75164 66959 67190 67862 65393 58244 56214 62707 66009 72374 71541 66133 49597 61564 65324 67632 64341 64437 64456 62734 66358 60157 64390 67968 66040 65554 65368 63834 65935 70021 62910 63627 64204 63519 61635 68175 70340 64685 68738 71041 62153 68181 58151 71126 64372 63256 53874 67083 65264 72364 68134 66659 76991 71780 55340 68261 64997 60914 67696 67506 64217 63843 59448 60326 69010 65844 70590 67459 64004 64865 67765 64548 67693 58421 60602 64090 66772 64597 73292 58878 60978 67711 67647 62518 65806 70917 64890 61349 71149 62185 63928 65132 64692 74385 
55825 56869 62670 54841 54178 57799 67393 59152 62414 63052 65475 55145 53830 64719 57327 68679 62471 63768 50669 59661 58121 63377 61580 63592 58233 58203 64280 58405 60026 67090 63342 59978 66511 54407 57761 65307 59304 60126 58348 59232 61947 64992 64400 62716 61305 66815 54551 61414 52175 63469 61276 60840 56886 60218 53951 70398 63686 59679 67307 64174 51022 65549 60503 61390 63172 64224 59383 58167 59448 59276 67281 62780 65738 62308 61246 57751 62540 60845 64350 57527 59116 57601 61592 63782 66843 56483 59868 57591 62412 56187 64306 64138 64860 55170 64412 58296 60754 64640 62194 70783 
62516 62811 63747 59186 66938 69472 75166 68568 68890 71074 71426 62727 62106 69428 69261 72771 73614 72547 54850 65128 67831 69040 67533 72867 66971 66429 70041 66843 69763 74804 67725 67028 68557 63849 69028 67970 67954 68095 65702 75172 65228 71256 68018 67556 69321 71430 60441 69124 62633 74089 68673 66289 63815 73683 63349 72729 71158 68807 75995 70598 58933 72108 65490 67351 71605 70408 68344 65987 70297 60046 75451 68994 78588 64692 70405 68556 66683 67654 67945 63453 61791 65114 70878 69012 75809 64412 63691 70199 69090 59204 70616 72146 68638 63051 71985 68215 68761 77382 70092 75155 
56843 53959 58402 53035 54405 60146 68937 64585 59610 61884 60515 53685 58102 59124 56856 68472 64724 60942 49892 60565 59092 66824 57192 61848 59711 63855 63329 57127 63987 63514 64127 61293 60216 60303 65732 59998 64751 57663 61470 65380 58587 64650 65048 60957 67823 62269 53565 63735 57121 64052 56868 59316 53631 63210 54486 68805 66593 61513 67929 61824 50477 63211 62380 55532 61310 63874 59566 62353 62758 56875 64991 61903 70361 58973 62165 61416 59630 62908 61430 61347 57050 54932 61164 58671 67073 58817 58510 64627 64894 55158 66344 62716 63857 54640 67215 60054 59926 63734 64229 66980 
57662 60694 59861 57479 62430 67979 72797 66851 64749 67426 65037 60644 60397 66492 63147 72429 72556 62573 53787 65895 64066 70576 62579 68138 67796 61936 67849 59835 64818 69438 67647 64893 62394 61805 66131 67529 63025 64716 65082 68259 63119 68411 65689 58694 70858 68445 56985 67560 61260 70353 68016 64217 61079 66179 58174 71982 67933 67321 71574 67507 56871 65139 63279 61928 66748 68686 63753 66493 62279 57840 68096 65367 75499 63146 65676 65146 67007 67122 64791 62253 59072 63821 64830 64633 74330 60052 62303 66754 66005 59523 65888 66187 70443 60371 67460 62877 64759 71567 65062 69854 
60051 62963 61987 62628 66292 72124 74442 68346 67397 68507 67986 60928 63680 64824 66056 76861 71007 69987 58673 65159 67090 72570 61624 74838 66215 69150 71224 69212 66341 71928 71079 65132 67192 63761 69128 68889 69543 62567 65979 67723 64378 69881 70260 69797 73502 71287 61459 71075 61493 67766 66437 60680 62495 71419 63641 72214 69088 71057 73581 68294 61293 68988 65752 64543 66693 71762 67838 67098 66541 60016 72184 69227 75638 66860 66584 66554 67766 71299 70229 61609 60502 62990 71195 71165 73763 64470 65722 69568 69488 63460 70844 67069 72085 65339 74303 66241 64868 76258 69892 75223 
64592 64435 65196 61410 64648 68986 80721 68303 68176 73635 67048 62709 63054 72407 66416 76507 71711 68423 57473 66510 66510 72877 65233 70199 70172 64842 72044 64884 70088 71460 69341 69694 66677 65748 73163 74337 70710 66717 67847 73474 66694 72220 74465 72915 76843 69053 59498 69828 63811 73275 69738 61169 60400 73415 65511 70880 73497 66922 77100 73367 60521 69111 69391 63412 70740 75006 68304 67488 66751 65225 69921 73448 77334 63909 64798 68310 68312 67740 72308 69359 63304 66810 71789 69423 73914 65758 68077 68547 73392 64336 70476 69557 73414 65062 71418 65459 63210 73690 68456 77772 
62046 59702 61248 56996 60074 65647 72732 63427 65851 73196 67088 62299 64345 64714 63439 75290 72804 65803 57106 59352 65711 74799 63018 66242 69600 62986 66090 64211 64849 70748 65953 67694 65105 62660 67397 73823 64692 61781 63154 68522 64795 72680 65757 63515 71156 68799 57961 69356 61663 68234 64467 64452 57252 69271 57539 70683 68861 66179 75226 68652 57128 62217 63204 62387 66842 69256 66410 60994 66402 62116 62789 69309 74459 63608 64028 63272 70935 67003 64272 63654 64722 63524 65968 66028 71680 61406 63499 66154 70244 63580 67300 70713 69628 57807 68535 65994 65656 67944 64863 74908 
58619 59673 60218 58625 62226 65298 73915 62255 67169 65334 64804 61395 62430 68038 60101 70293 68360 64620 55530 60045 65431 69516 63187 68445 64394 65434 71842 60719 70452 72903 66052 66095 68654 59590 66426 66847 66394 63446 65593 66156 65388 67254 66886 68050 66748 70486 59878 66803 59401 71525 64430 59281 61330 71754 62090 69973 69560 68079 72681 68199 56010 67726 65834 66014 68058 63859 68620 62209 64921 57834 68355 69404 74824 63618 65658 64127 67878 70081 67969 64647 60675 60127 66808 66451 72531 59549 68533 66864 65766 59738 68254 69322 67752 57454 70892 65578 67941 70588 65970 71278 
63227 62554 64583 60238 62473 63533 75595 68718 67504 71987 69936 61731 58614 69251 62604 74258 70102 66216 55806 66487 65415 70989 66072 63414 70084 63612 71594 63903 66047 71099 71238 67659 64684 62744 64543 72083 66695 64709 64770 69104 63575 67066 70969 67287 70086 71031 61526 67100 62899 73905 62556 69784 60981 70140 58278 76165 68070 65656 76337 71689 61842 65917 64169 67110 70501 68682 67568 70014 64618 64297 65611 68114 68473 69321 65887 65623 75560 69451 68118 63441 62073 64503 69542 68533 67800 66215 66469 70090 65974 62607 72616 72264 69603 60139 69838 62779 62340 66744 68872 74893 
56532 56093 55779 56732 56679 60955 70097 63188 61973 66399 64960 55760 57067 61419 59137 70195 66544 62537 49977 60162 57702 63541 57408 62494 61486 59540 65354 58713 64714 71369 60031 62993 62021 60407 65180 65229 60267 52803 59714 67882 60910 65494 60237 59030 65426 64044 56525 62621 59030 60348 60394 58987 54630 64772 52764 67164 65348 59591 69644 63833 53965 66566 62639 61987 66342 60237 62923 59354 62886 57174 66117 64438 67024 58734 62041 63697 65768 65973 61669 57514 54625 60886 65427 65534 65105 56968 62836 61980 60182 56133 61228 67407 62945 57911 61092 58959 59909 62667 62944 67911 
55260 62458 64806 57259 61872 67997 71963 69082 69115 70798 68672 60360 58626 68793 64900 75714 69020 68283 53298 63424 66853 71340 63056 63673 67347 65018 66873 61835 65934 71095 66930 61785 67047 62370 63579 72917 68742 64007 63090 66261 62974 67224 67081 67553 68554 66657 60136 67993 59557 71799 64067 63629 61795 67644 62816 73663 72634 65094 76765 69529 56847 65151 65551 66588 66171 66252 66653 62522 65081 60521 69047 69602 71604 62810 64272 63909 72287 68970 71199 68616 61325 60753 70425 68399 71313 61741 66667 67584 65703 61722 69700 67953 69518 63503 70032 64717 68874 70083 69943 75683 
56315 60527 62408 58315 61279 64754 72421 65799 63825 65900 62971 60576 58412 65285 61060 70820 66959 67369 52127 62356 64586 64692 63228 64067 63743 61853 66992 58880 65583 67799 61552 63941 62335 59095 67335 67243 61955 63696 62014 66103 57749 62957 60995 61602 67221 68034 53415 64683 57571 69633 63374 64406 56245 66455 56567 67477 69644 65517 67912 65414 54780 64419 62818 63236 66618 64557 61264 61917 58480 56739 69125 68053 71864 62798 62117 63436 64969 64831 65265 61797 57757 57165 65942 63463 70880 56465 59058 63822 64855 58014 66690 66669 67307 60332 69058 58106 61801 69404 64030 69577 
59517 67282 64406 63240 65122 67327 76276 71436 68035 74184 70620 64648 63897 70236 66817 74664 73514 67639 57633 68517 71027 74701 67680 69855 70643 68436 71626 67218 70121 74296 71512 64207 66465 64201 70680 69838 67716 65795 66158 71381 64194 71341 70663 70283 75744 71966 63172 71977 64460 72938 67415 65746 64279 73629 65059 77071 72265 70503 77758 72909 56920 67430 70074 68731 70894 70124 70435 68155 69693 63898 68805 70655 75375 70267 70301 69101 73304 73835 73698 66232 62598 60988 70739 71952 74405 64146 67094 69287 67919 63274 73980 70385 71899 67891 73043 70174 67414 75083 71518 77989 
54438 59963 61823 58613 55216 64037 71845 63513 67005 66174 64083 59109 57028 64659 58349 72209 66403 66503 54258 63738 62480 69048 62383 68181 66035 64370 68850 60582 62108 67577 69316 64616 63936 55351 67010 66575 62902 63237 60706 66341 63224 64142 63110 63366 67311 70509 57467 64108 58066 67255 66990 67487 60320 70822 55024 72425 67486 66109 70439 68840 52748 63680 63792 64915 66969 66039 62771 64443 59272 63703 66968 66194 68213 66611 65367 63685 63327 63560 67970 58959 58904 62278 62601 67666 71489 58144 62424 66366 62584 60266 69905 63052 69080 57386 67803 61988 65956 69572 65047 71326 
48864 54262 54003 53093 58810 60942 66385 62472 58761 66508 61508 55542 52706 60086 58961 64847 61617 60099 49199 57627 58229 67257 57761 59072 62572 59024 63801 57756 60773 64174 59782 57749 59511 56674 62543 61647 62026 56336 56097 64138 58668 60799 62620 57202 67662 62477 54418 63154 55522 64537 58076 56908 52914 63392 53978 65211 60204 57991 67875 60973 55091 59471 60787 56336 62871 64203 60245 60063 57941 53442 62933 60872 64579 56543 59466 58200 61633 58940 59138 57756 59171 55341 59259 59898 63964 54994 59837 60530 61896 56545 63677 61093 62610 57564 63169 58432 58607 65412 61066 65993 
56099 59158 59927 56546 58705 62224 70135 64756 65030 68551 66475 55992 54112 62884 58309 68730 66950 64251 51253 62887 64459 69594 62595 65036 61693 61638 65684 61791 64600 69089 64397 64316 64390 62695 62502 64464 62920 59837 61714 65691 63835 65718 65959 64184 63536 67622 57102 66380 61462 68232 60870 64695 58212 65813 59043 71425 68109 61253 66442 63080 54799 67311 68520 64016 62358 63562 64228 61666 63886 57225 68508 65418 69302 59279 64230 59884 66903 63826 64880 59872 58317 57946 65768 62139 69936 59430 60423 68190 62718 59774 63917 65494 69299 59977 68734 62524 67006 67811 63822 70070 
58348 59899 60408 58422 59621 60027 72594 64182 66272 68068 65810 56796 59375 65726 64260 74273 70961 68406 51910 60209 64010 68665 60547 66298 63470 65906 65053 62310 65584 69564 65067 67113 63069 61245 66301 71153 65628 60709 63574 67915 61351 70140 64566 65125 64519 70651 60459 66451 60260 64108 64583 61386 56754 68426 59670 72289 70119 63605 71333 70004 54346 66521 65132 62722 65777 67298 63671 64563 65163 62285 64482 67156 68279 65874 64027 66884 69064 69126 71621 60968 55524 58235 69447 71992 68928 62483 61140 65485 66470 57813 69137 70168 70078 64091 72685 62995 63355 68198 68419 74793 
57665 60891 57645 57477 59267 64613 73056 66563 67308 67293 68520 56828 59949 65536 62235 73853 67736 60778 52237 65563 61604 66999 62120 64686 67205 65045 66102 61130 63652 72127 64827 63409 65730 62781 64918 65636 66431 59683 65221 67764 63124 65958 64618 62157 73683 67182 60698 65998 62873 68874 63334 66477 58231 66128 62752 75120 71748 64516 74077 66627 54627 62429 61347 61193 65890 69068 67790 63073 67590 60160 71132 66690 69742 66097 62669 65609 66447 66876 64395 64699 62130 61333 66330 64970 71313 58427 65356 65665 62654 60619 65616 67827 69308 62267 68486 65698 66806 66680 67544 71182 
58057 61328 63610 56564 59609 63430 71240 64258 62144 68855 64413 60638 61167 64971 66811 71441 70053 66857 55016 62697 63329 69284 61117 65773 65532 64827 63798 63073 62126 72307 66494 62466 63250 61211 67128 67497 61192 59362 61608 67621 63361 69759 65808 64422 62553 70065 56116 67249 60983 65953 64995 60972 60975 67899 61159 72560 66330 64699 68894 67139 52232 65303 63809 61000 64643 69629 60942 60818 66384 62013 68102 65917 71017 63797 66736 62207 65465 66090 68078 64110 58684 59707 66228 63933 69204 60205 62344 68738 66323 56834 67906 67070 68788 65646 69673 63331 63464 71901 66742 73427 
57912 59656 59943 56734 58917 66404 72118 63572 65118 64166 64042 56065 58792 67128 61957 69942 70651 65828 52560 60676 63016 67994 64763 63321 59728 61250 67303 64795 62758 71860 65500 62795 66237 59055 62874 67320 65047 60729 62032 66265 60475 68391 62287 64108 66000 68331 55711 64108 61191 67182 61770 62387 61146 67533 60177 72420 68189 64332 72032 65628 55016 62475 61331 61696 61857 71315 63399 62722 63119 59797 65825 67730 69546 65238 65063 61599 64444 66622 63874 66743 58549 57612 64885 65908 72533 61189 65417 63443 61909 57534 69573 64780 71477 59481 64944 64016 62428 70430 63858 71253 
56624 54888 58908 53975 60949 61501 65933 61243 60617 64292 64770 54664 54522 63902 60838 67169 62004 61660 49749 60990 59161 65064 58864 60495 63041 57957 64236 59468 61720 66511 60203 62331 58230 57823 63135 62174 60968 62908 58572 66316 62879 65983 60286 60064 64390 64789 56681 62206 56559 67466 63793 63582 59701 61670 54573 69590 66153 62182 67026 62500 54229 64141 59191 63028 61908 63678 63520 60636 60451 54817 65191 62416 59589 62689 66009 59556 64572 64915 65042 56752 55417 57703 63446 64363 63089 58146 64194 60643 60748 52626 59112 68050 65703 58410 66359 59901 59339 68565 66881 71363 
63482 65421 69123 66539 64801 70092 79365 69063 67167 73179 71057 62441 65673 73209 66923 78049 74299 74704 57241 69000 67590 73779 69348 72159 65783 71196 73880 70174 73421 78770 69653 69508 69902 70025 73392 74997 70779 63322 66476 74296 69709 75006 70606 67698 68402 73490 60863 69042 65398 74575 68610 69966 65959 70573 63231 74509 74136 69492 75556 74843 58456 71584 67768 68434 74370 69753 70059 70038 70204 66049 75852 71074 74406 72895 69668 70257 75929 78485 71606 63443 64084 64435 72468 72976 75053 65062 68747 70849 72914 64170 73821 75823 75976 67232 72590 68802 72864 73450 71361 77402 
59534 67421 62011 60671 62404 65518 76102 67137 67309 71988 68522 61088 63015 69168 67794 75837 74509 67532 58283 69048 66782 72111 68057 66707 69613 63933 69246 66776 67705 70306 68136 64946 66120 67002 70976 74236 66815 64267 64615 71690 64232 72261 70450 61870 70442 71199 60608 70618 62148 71412 62954 66598 61549 67054 61938 76764 72930 66335 77074 73395 60089 69519 65980 63494 71424 71993 68413 65989 64857 64236 67199 71272 74168 67867 70489 65313 72395 74472 69080 61620 63202 65725 68601 67590 73473 63806 67680 71058 69401 66276 68522 71556 71087 60994 71508 64470 69091 72371 70621 77120 
63087 56850 61557 58252 56500 61893 74370 66368 62224 66858 72360 58619 60337 66848 63134 73163 68992 66851 55322 63372 63727 68754 61959 68113 65175 63915 68814 62640 64071 71001 68004 67297 64626 65798 66608 70058 64062 62861 65004 67565 64088 69197 67888 66140 66904 70912 56586 66532 60050 67663 68096 59996 58213 63510 59560 71781 68715 65182 67854 68412 52833 68478 65526 64968 66956 67892 65754 61369 67503 63710 73595 68850 70936 60134 65435 62639 68454 66415 66983 62555 59075 63841 69633 67588 69842 62537 65813 68608 67605 61523 69722 69835 70163 61585 73116 61683 66754 70800 68721 73893 
62839 68225 72565 63228 65285 70722 80814 71023 70825 73903 74381 64735 65795 74099 68709 77955 72744 68799 56755 68072 71440 77489 69491 72426 72412 70189 77312 69778 75594 77148 72708 67154 71999 66367 73713 77854 73050 70048 67729 76912 69816 74728 73490 72236 69812 70551 63236 71937 67808 74329 65562 68933 65810 76924 63891 77583 74928 72455 81672 74337 61663 71990 68112 67465 74265 71142 73271 71194 71991 67216 74445 74094 78875 70579 70475 69218 73562 72363 70429 66674 67884 68202 70816 74416 74903 64601 69292 69245 75843 62935 78713 75406 72221 65147 73243 72209 70578 75513 72519 78581 
58019 57674 59291 56378 57681 65018 72041 63742 64705 64907 62933 56499 58314 66356 62759 71898 65358 65832 53442 62829 63067 63862 58486 66604 65316 66888 63719 61510 64118 72006 65945 60835 63019 59525 63237 67065 66164 60359 62023 65749 59985 65120 67742 60090 64776 68699 57461 63257 58780 69785 63207 61187 60294 69248 58019 70742 71870 65819 72410 65248 54465 65617 61834 59933 62979 65486 62790 58687 61368 59029 67965 67595 66624 64704 63665 61804 67183 69667 67323 62182 55446 56653 64448 63071 72117 61982 60756 63764 66210 57754 68277 68648 65599 62657 65944 58674 62339 68421 63015 72144 
55945 56481 51099 48815 56071 56652 65479 59262 62136 59451 61230 54412 54411 59610 58234 63853 61392 62049 48197 59967 58307 58065 56493 59688 59437 56428 58191 57587 57966 63401 57997 59258 58777 56621 59748 63451 57685 54797 59407 60226 55310 60151 60483 56087 59643 61178 52173 59974 57051 57015 56915 57594 57804 61745 55032 63750 62082 57335 62785 58451 52064 65077 57362 58297 66262 61639 58336 54328 60660 54873 63153 63924 67140 57943 59533 55334 62500 60689 59778 54396 51717 53771 60371 61608 63184 57148 56944 56249 55099 51936 62866 60872 61093 58263 62816 56352 55921 63961 59234 68615 
50599 56064 57429 50258 54184 56768 63918 56470 60935 60709 55880 53629 53546 59132 57385 63412 64439 61166 48284 53575 57321 59647 56314 60384 60594 54968 64463 56941 56559 60986 58355 56715 57834 52556 59380 59969 54151 55896 54610 58819 58812 59321 57035 56867 60096 60472 52116 59815 51028 56801 57632 56532 56658 62282 53576 64418 61089 59413 66565 58152 49183 59336 54185 54499 61075 63199 57536 54973 57846 53016 58256 60111 63835 57601 60369 55300 56778 58562 59513 55022 50333 53977 60833 58667 65373 51244 57992 57015 59201 51141 63005 57614 59743 56321 63002 55801 56177 63430 57901 68834 
57560 62276 65322 59202 63447 67321 78257 68546 65216 70448 68434 60251 59958 70893 67288 73595 71625 68948 56954 64351 67490 73859 65512 66130 67809 65572 71523 65257 67517 73354 68739 64783 67338 66889 68510 69827 66671 65453 65340 70544 66546 72014 69872 68778 69094 69778 62021 68553 62506 73634 63683 62437 62408 70804 64084 76132 69343 65076 79587 66890 56733 69724 65837 66539 68948 67102 67737 66211 66869 63293 71289 66731 68993 64745 69857 67459 71677 68069 67378 67354 63665 63875 72719 68521 73627 63855 68553 73579 66973 62172 69607 72736 71195 64590 71792 66444 67870 71118 71059 78347 
57212 66086 60338 57804 63307 67181 74167 67714 70877 68947 67090 59642 63496 66519 70311 76122 71788 68305 57297 63444 67463 66934 60865 68433 67893 63008 67948 67399 65910 72788 65565 63712 69020 62346 64234 69118 65226 67640 60695 65779 61852 68155 72466 65649 69253 70289 60178 69408 61900 68878 65700 59909 60446 67948 61627 71997 67319 71432 74887 66664 56702 66275 63739 64931 68997 70038 65941 62223 64597 59686 70347 67502 73383 65534 69213 65269 67265 68220 68281 62359 59925 63181 70518 66701 72700 61121 63102 69051 66801 61692 68217 64746 67458 63562 70205 65940 67938 70343 67216 77653 
63963 63284 65125 62922 66152 64708 80400 71164 75659 74218 71449 64241 67892 69951 65286 79706 74392 74827 57487 69921 71821 78125 63982 74441 68760 67207 73848 64812 71045 74328 74588 72701 69884 65249 69062 78087 71143 66654 73623 72060 68863 72633 73186 72275 74731 77156 67303 74723 64454 72508 70676 69865 69011 73935 67983 77201 74819 71200 80055 74284 60160 71024 69158 71042 75203 73906 73702 70576 71926 66853 73921 73936 75777 69387 70504 68024 75675 75005 72080 64053 65731 67735 74776 73963 74935 64044 68694 71785 73919 66866 72985 72200 73272 66203 80583 67104 66461 73641 73663 80170 
55672 58532 59320 52750 61842 62906 69752 65022 63686 69152 65612 58150 54838 64309 60627 68756 67332 64071 50490 60610 64924 67127 59489 66939 64321 63943 66308 58975 63746 68995 62503 61789 63743 60727 58165 65914 59821 59567 62698 62540 58640 63602 64568 63375 64164 66656 56119 62297 55419 67357 61799 59650 62885 64540 57424 67751 65835 65131 68789 63838 51288 63574 63400 61450 61328 62559 64487 58755 59994 57541 65907 63999 67135 58209 61084 61079 68714 63323 65276 61382 55482 58739 64483 63563 70791 55648 62703 64320 61362 59607 64523 63789 64403 61968 68313 61962 60179 64843 64778 67743 
56231 54771 58389 51744 55441 63264 69283 62678 63664 66131 65786 56137 56255 61905 62414 68638 64831 65303 49620 57953 60879 64567 59323 66180 65754 60629 62045 57786 60324 67026 69587 60775 63073 53289 59107 64949 63076 56431 58369 62796 58593 62674 66932 63946 62875 66545 60015 66742 60264 66245 62806 60179 60333 65899 58790 68336 64736 63808 71668 67910 55385 62106 60698 64940 66192 62487 64222 57641 61676 55592 64313 66197 66132 61227 62693 54101 63369 65221 66847 61395 57569 61069 66220 64551 66319 60988 64968 64173 63433 56985 63793 65399 62919 58825 62983 60230 62261 63642 61607 69631 
60679 62956 62118 60656 63887 68581 75820 64729 66321 66782 65795 62325 64079 69117 65598 72559 70263 68933 55108 66154 61567 68778 61581 67295 67899 69363 71118 63957 65856 71720 72030 64587 64248 61245 65803 65761 69814 62358 63335 67943 64606 64568 73171 69197 70379 71408 62300 68439 62504 75595 65679 60933 59125 70502 63018 70620 67846 67824 75907 67362 61234 66393 60274 60729 72351 67077 67680 64921 66389 58008 71866 66325 72336 67867 67164 63215 66996 72604 67465 64810 62244 61130 68047 65638 70263 63672 68291 68836 69469 60221 69216 69710 70616 62314 71997 64139 66996 74230 67543 74034 
61056 60258 62162 54653 62203 67109 73658 62345 66993 69415 70700 58993 61022 65605 62266 74132 71059 69107 54320 64241 63319 71906 61869 70572 67671 63861 69219 63264 66371 72842 72793 67849 65681 61811 64465 68532 64750 58651 64949 71652 66142 70806 65756 69709 65518 68844 59949 68091 60748 66924 68582 65424 59211 68950 58791 71547 70393 66483 72101 66826 55140 66085 65270 66257 68695 68536 68640 61980 68025 60678 69476 69757 75840 64478 66197 65508 67656 64246 68464 62237 60995 64436 66469 69384 75012 62398 63772 66470 69943 60598 68387 71523 65934 61710 73540 67988 65822 74298 69781 74677 
50479 55654 56420 51863 57550 57797 68607 58316 62373 64033 62025 52744 55921 62897 59902 63637 64272 60684 47207 55616 61391 60938 53201 60965 62656 59493 63816 57377 60316 66017 60843 57472 61887 50968 56435 60301 60557 57213 55767 63682 51975 59403 63355 58900 63303 63705 57470 63970 51582 59806 56698 58102 50970 63022 53440 64660 62651 61826 68722 61966 53260 58960 56841 56123 59492 61581 61465 57689 59773 51990 57979 61145 64232 61518 57357 59272 61807 61794 59002 54454 56649 52754 61482 59623 65776 55353 52929 61411 63118 51875 65774 59593 57621 55533 61099 53846 57189 65560 60866 65280 
58450 57553 64426 57182 59740 66231 73530 67703 68355 68052 67956 59206 58271 64467 61300 73162 68207 63017 53953 64350 65334 68595 62028 69598 68190 63364 67807 62207 64253 71495 65766 61606 68155 63632 66250 69479 65569 62137 65490 66700 61236 66670 68666 68546 65026 67654 59566 64281 62620 70343 64406 60986 57773 72240 61966 72848 70451 68498 72799 64759 54922 65345 65320 62148 63097 65614 67163 65460 64769 64058 72673 64739 71295 66963 63975 62450 66171 64149 66550 64968 61130 64798 68202 65009 75166 60680 60971 69661 68438 61163 69169 67507 71650 61404 69413 62636 62800 69827 66403 71801 
52576 57602 54831 52270 57059 60770 69116 58532 61700 65471 64598 56680 55078 66579 60137 69378 64168 61047 51585 53471 62324 61289 56821 62210 60767 59013 65844 62531 65405 68707 60846 60157 63862 53757 54958 60096 61196 56450 58334 64898 57062 63720 64549 57078 68648 63070 54512 59227 54946 61019 59290 60462 53494 63937 51637 67093 64905 58858 66439 62681 53551 62594 61071 58029 64159 60745 62319 57196 62742 57433 60709 62538 67812 60956 59563 60395 62368 62098 62625 59718 60638 58261 61942 59916 66953 57223 60360 63494 61707 57313 63904 61520 61080 53683 64896 61313 61264 67318 62065 69833 
49933 54457 58805 55022 53104 56809 67603 57781 56613 62773 64136 54937 54025 58914 56778 65448 61714 57589 48912 57658 59211 62298 58010 61339 57760 59144 60380 56366 60083 60466 61288 55083 60955 55552 63027 62666 58273 55285 55259 63268 55474 58881 57900 59330 59676 59442 51216 58894 51232 65186 57105 56353 50927 64054 54665 67239 65493 60150 68530 62094 47509 60420 61041 55790 59487 53783 59619 59631 57842 56656 62704 62244 62571 57975 57946 60250 60888 57723 59309 54799 56128 56442 58118 59714 67088 53609 57603 58365 61490 57398 60655 58760 59948 52351 63675 53907 62830 60718 57200 66845 
58118 63454 64527 59778 63035 62608 74762 62134 64872 69639 67527 59067 60056 66486 61810 72394 69659 63817 57249 63424 62550 70279 62650 64891 68672 60796 68034 62117 61472 68780 64815 65668 63229 63847 64456 70184 60183 59796 65370 63390 66389 68174 67320 65176 67151 69991 55518 67559 58249 70503 63287 60478 60788 65140 61928 72081 67196 66391 74928 67581 55946 65511 61877 59339 66224 66715 60126 65788 63412 63458 67347 66999 70056 65200 66575 62758 69327 67551 66582 60255 57880 64560 67187 67524 71495 61083 65257 66399 65528 63705 69120 68066 66193 61675 69247 62058 64119 68196 63748 73222 
60688 62580 59821 54865 61039 61882 74907 62301 64573 66778 63209 55938 60422 69198 60425 70831 68765 61895 53580 65772 63145 68281 60149 65423 66809 62282 67005 62749 64673 66744 65474 61556 63770 60189 64028 69354 62499 61618 59676 67904 64277 66336 70677 59803 65282 65619 56128 66328 60527 65763 62526 63335 60277 66679 59708 70931 68728 63444 74093 66474 56544 68533 62821 59535 68854 66049 64528 62927 63136 57761 62954 65054 71296 64357 64550 60444 69666 68053 67650 59148 60712 58539 65181 65719 70696 63303 60327 63576 69523 56301 66961 69734 66225 61880 66998 60699 65902 66912 66635 71875 
57937 60996 61759 55882 58058 63510 70948 60544 66482 66789 63016 61632 60997 66266 63275 71945 67050 66570 55433 61458 62774 65097 56710 63849 67060 63304 67877 60746 66937 70918 63894 61931 62774 59998 63643 64230 65376 65778 58404 66966 60639 63439 70185 66082 69235 65123 56126 67904 58553 66479 64298 59448 58968 64824 57878 67609 66104 66984 71019 66154 52082 62013 62040 61661 67169 63554 64648 60917 62707 58859 67452 64981 72266 61994 64563 62190 64951 65741 64257 60162 57996 56677 66676 60503 67955 57530 63955 64779 66491 58700 67750 60691 66003 60016 66003 61500 62941 65633 65908 71204 
56225 56542 59064 52953 57233 62337 69662 57979 61243 67128 61603 54733 56382 64605 59707 67872 68294 65845 51513 59030 64472 65310 57781 62736 62221 61376 62200 60101 60040 65686 63132 58274 61435 57823 59399 61799 61442 60633 57785 64086 59216 61545 61587 62161 64165 65376 53794 62391 55066 64298 62865 59121 61386 62360 55208 65859 64096 60188 67932 62603 53850 59262 60075 61123 61681 67095 63953 58507 59145 55924 63877 63554 61788 60010 59719 54985 64225 62560 63915 58306 56860 57036 64020 65546 66974 57617 59871 64550 63038 54407 62748 60684 67087 60102 66867 54510 58906 63962 65949 70295 
56995 60406 64290 59676 62495 64110 73750 64786 66023 69715 66768 60600 59346 67330 60940 73861 69154 65731 54980 59689 65615 68552 63020 64141 62666 62764 71545 66016 66751 69543 62402 66003 65997 60216 69565 71173 61657 61780 61102 65446 68188 69004 64974 62704 65886 69445 57241 64632 60344 67700 60169 63293 62490 68795 57529 71212 67249 64540 72480 68271 59978 67037 65171 62064 66970 67203 65794 62226 63232 62075 66736 64917 69020 64897 66402 61743 67203 66984 64165 59435 58104 62771 68231 66903 72518 58186 65820 65283 66530 61086 66475 68243 69074 59669 65941 63354 63123 64404 63216 75051 
58060 57988 61347 54170 55572 61361 67658 61465 62647 66219 61000 59635 55803 65131 63208 65796 65002 61722 54254 61015 65032 67899 63153 65740 66232 65745 68251 61950 64434 69025 68865 62830 64184 57762 60651 65250 63485 60346 62361 67653 63402 65888 67621 65673 64120 65859 57794 61360 61239 68407 61175 65069 58827 70162 56533 69600 68418 63758 69701 65899 55658 63446 61985 63526 64360 68026 66668 60145 62006 62295 64517 64482 64872 60794 62570 56406 65595 63274 64191 63479 60287 62619 62156 63551 68778 58599 65858 65942 63875 55809 64597 67149 67322 58095 68523 65709 64757 70121 63109 70541 
49886 50919 52807 47699 51856 55688 63363 54894 54476 55087 57667 46820 47952 56004 51795 59133 59394 59842 43580 51499 54114 56243 52117 58308 55107 55383 61069 51898 58908 63335 55813 57785 57502 51790 54357 53714 53500 52734 55234 59334 54076 57126 52621 56119 60938 60584 48250 56669 48307 56959 54624 56245 47697 54783 45689 57117 58883 54106 59139 56908 46311 59146 55330 55234 53769 56297 56783 55738 53868 51468 59832 56293 57318 54270 56751 56489 60581 53442 54026 49717 50788 51456 56862 57057 59911 51175 52470 52852 56260 49509 57614 55547 58156 50273 59959 53709 57834 60121 56008 62525 
51121 56215 55844 52897 54432 56593 66349 58463 60326 64253 55366 57180 54915 63354 58479 66287 61381 60325 48579 54140 57416 59880 54794 59931 60679 58814 64491 51672 58839 63981 57844 58902 55143 52319 63127 64134 58682 55906 52738 59360 58972 58060 60553 54922 56110 60190 49957 55973 53154 63883 57275 56141 54963 62808 57593 63265 60668 62374 68819 62397 48579 58975 57219 55419 61885 58597 58588 56308 57648 53813 62289 57532 66521 58202 57793 60133 57224 62019 60673 53025 54686 57824 61680 56978 62788 49773 55852 60338 60276 54967 59280 61555 56035 52019 63402 57936 56875 61563 59561 59816 
61037 62533 62084 64566 65662 67865 78721 68759 68717 71557 71634 62003 64084 71603 67886 76203 73047 71633 55769 65559 72067 75810 68913 70114 70234 68329 70709 66395 69917 76968 73034 71096 71057 66276 70642 71037 70859 66231 69144 71365 67273 73280 72729 70115 76377 73601 64929 70785 65449 72934 64873 64248 63575 71029 65801 76318 72914 68589 75194 71554 62676 70012 70324 65352 70197 74267 69652 66027 69140 65092 71875 71753 75090 65084 69625 68947 75084 71488 70802 66918 61610 64106 73614 71063 75051 70508 66549 73774 70012 65529 73341 71056 74409 68848 73918 69970 68949 72611 70229 77202 
53475 56626 57741 53428 57108 59757 66281 60819 57323 64002 59944 54090 54457 61047 59062 63790 66099 56581 51242 59258 57940 61416 58753 58162 59898 59436 62730 55765 60452 66832 59411 59654 57771 58364 64347 63970 59081 54993 58770 63733 54586 60116 59216 55213 63728 61288 54229 60035 55488 62975 55536 57660 54302 61126 51685 63194 58629 61478 69651 61525 50272 60803 56053 57481 58908 62192 58366 58890 57746 50258 59982 60259 66766 55006 56241 60571 59878 61845 56652 59433 54490 56967 63475 59240 65358 52251 58462 63276 61154 52733 61082 63092 62073 55110 63512 57401 55138 63884 58384 63733 
59893 56378 59526 56796 55872 62616 71658 61718 60568 64242 66066 64147 56879 61163 60048 68573 64795 66969 51219 60992 62279 64425 59776 65109 65078 64643 69170 56437 63879 65400 67221 65986 62838 60701 67143 64618 63274 62940 60362 66866 64095 65232 64209 64270 67826 62823 53451 59514 58953 64707 61623 58039 56160 64859 55990 66251 65387 63300 69250 63974 55394 63836 59666 60476 69285 63174 62636 59408 64035 61856 70324 62124 71253 59857 62700 61269 62418 63660 60921 59041 57323 62832 66607 61726 64696 63865 66630 64773 66717 60601 67114 64259 63069 59654 67099 62514 63906 68775 65295 71791 
60149 58736 59103 56967 60645 63788 72646 61248 64347 67095 62838 54511 58182 63881 56542 67155 67683 68569 51841 60255 65403 68737 60521 65197 63781 59213 68710 57720 64672 65324 62955 63918 62656 61537 65240 64311 61077 58762 62779 62369 62876 66346 65717 65373 65014 69183 59977 66812 54966 66085 61811 58596 58644 65477 61248 65586 64611 62689 72489 63650 53534 65890 62012 63461 67727 65856 63575 61706 60146 51370 68634 62506 69986 59945 61524 61530 66196 64414 65205 56980 56697 56634 66666 65765 70001 58717 61865 66683 64177 60852 65851 67627 65304 60905 70184 61845 60983 65365 67825 71796 
54326 57170 56535 54579 51703 60474 65837 61384 60668 64256 61741 58957 53170 63518 58459 61446 64721 65058 49055 58366 59604 63233 58057 64074 59301 58754 59082 57808 60647 68988 62488 59665 62426 56316 60161 66190 56903 57751 58795 62708 56798 64544 58627 61585 62334 66376 55317 61404 55521 65143 59343 56774 58256 65489 54407 62908 62595 60615 68029 65236 49785 60762 61290 61149 60923 65014 65739 56624 58983 54893 63290 61340 67032 56401 59385 59878 64565 63929 62977 57542 54608 55206 65002 64222 66389 54739 58600 60288 62013 55714 64665 61358 65422 56877 63333 55947 60716 65430 61194 66709 
57438 56338 63649 51531 60528 63196 72045 62620 67029 67263 68228 58480 57698 64614 62969 72614 66164 64980 50534 64451 61078 67962 62140 66055 66567 58949 67860 59601 67021 70242 64428 62212 66700 60983 62611 66974 63577 58721 62449 63459 63975 65257 66886 65432 64011 64847 57372 63572 58998 70271 64863 59131 61790 66333 60470 71002 71914 62254 69196 66746 54838 66655 61259 62313 67038 63606 64209 60520 64169 61361 72117 65768 66424 62903 64570 60637 66814 67430 66573 61971 57632 62260 63938 70047 66088 61087 65069 66379 63265 56054 67156 66140 68665 61289 68053 61352 63585 67512 63923 70683 
55373 57357 60487 58525 60831 61429 70340 63549 65573 70514 63456 58688 59377 64618 62550 73610 68185 62433 57307 58823 63868 68661 63138 63635 65849 59043 64764 63356 63185 68766 62751 58839 66387 63888 66472 64933 62228 62801 63366 65373 65335 67143 70150 62122 67319 67671 57265 66476 56251 68280 60873 56586 63182 65488 60397 68167 66516 66505 73044 69201 53785 67394 65270 60419 64616 63949 64865 64268 60726 61289 67728 67978 69538 58551 68461 61642 66790 67083 62515 58907 59884 61985 66399 63101 68735 58757 67033 67546 65962 60719 64976 61561 63773 59047 68691 57956 60790 66664 64880 70652 
